FEWSNET_admin_code,target_month,horizon_months,y_true,y_pred_partitioned,y_pred_base,branch_id
0,2017-10,4,0,1,1,1
1,2017-10,4,0,0,0,1
2,2017-10,4,1,0,0,01
3,2017-10,4,1,0,0,1
4,2017-10,4,1,1,1,1
5,2017-10,4,1,0,0,1
6,2017-10,4,1,1,1,1
7,2017-10,4,1,0,0,1
8,2017-10,4,1,0,0,0001
9,2017-10,4,1,1,1,1
10,2017-10,4,1,1,1,1
11,2017-10,4,0,0,0,0001
12,2017-10,4,0,0,0,1
13,2017-10,4,1,1,1,1
14,2017-10,4,1,0,0,01
15,2017-10,4,1,1,1,1
16,2017-10,4,0,0,0,01
17,2017-10,4,1,1,1,1
18,2017-10,4,1,1,1,1
19,2017-10,4,1,0,0,1
20,2017-10,4,1,0,0,1
21,2017-10,4,1,1,1,1
22,2017-10,4,0,0,0,01
23,2017-10,4,1,0,0,1
24,2017-10,4,1,0,0,1
25,2017-10,4,1,0,0,1
26,2017-10,4,1,0,0,1
27,2017-10,4,1,0,0,1
28,2017-10,4,1,0,0,0001
29,2017-10,4,1,0,0,1
30,2017-10,4,1,1,1,1
31,2017-10,4,1,0,0,1
32,2017-10,4,1,1,1,1
33,2017-10,4,1,1,1,1
34,2017-10,4,1,0,0,0001
35,2017-10,4,1,1,1,1
36,2017-10,4,0,0,0,01
37,2017-10,4,1,0,0,1
38,2017-10,4,1,0,0,1
39,2017-10,4,1,0,0,1
40,2017-10,4,1,1,1,00001
41,2017-10,4,0,0,0,01
42,2017-10,4,1,1,1,1
43,2017-10,4,1,0,0,1
44,2017-10,4,0,0,0,0001
45,2017-10,4,1,0,0,0001
46,2017-10,4,0,0,1,01
47,2017-10,4,0,0,1,01
48,2017-10,4,0,0,1,01
49,2017-10,4,0,0,0,01
50,2017-10,4,1,0,0,1
51,2017-10,4,0,0,0,01
52,2017-10,4,1,1,1,1
53,2017-10,4,1,0,0,1
54,2017-10,4,0,0,0,01
55,2017-10,4,1,0,0,0001
56,2017-10,4,1,0,0,01
57,2017-10,4,1,0,0,1
58,2017-10,4,0,0,0,01
59,2017-10,4,1,1,1,1
60,2017-10,4,1,0,0,01
61,2017-10,4,1,0,0,01
62,2017-10,4,1,0,0,1
63,2017-10,4,0,0,0,01
64,2017-10,4,0,0,0,0001
65,2017-10,4,0,0,0,1
66,2017-10,4,0,0,0,1
67,2017-10,4,0,0,0,01
68,2017-10,4,1,0,0,1
69,2017-10,4,1,0,0,1
70,2017-10,4,1,0,0,1
71,2017-10,4,1,1,1,1
72,2017-10,4,1,0,0,1
73,2017-10,4,1,0,0,01
74,2017-10,4,0,0,0,01
75,2017-10,4,0,0,0,01
76,2017-10,4,1,0,0,001
77,2017-10,4,1,0,0,0001
78,2017-10,4,1,0,0,0001
79,2017-10,4,0,0,0,001
80,2017-10,4,0,0,0,001
81,2017-10,4,0,0,0,00000
82,2017-10,4,0,0,0,0001
83,2017-10,4,0,0,0,001
84,2017-10,4,0,0,0,0001
85,2017-10,4,0,0,0,001
86,2017-10,4,0,0,0,001
87,2017-10,4,0,0,0,001
88,2017-10,4,0,0,0,001
89,2017-10,4,0,0,0,0001
90,2017-10,4,0,0,0,001
91,2017-10,4,0,0,0,001
92,2017-10,4,0,0,0,001
93,2017-10,4,0,0,0,0001
94,2017-10,4,0,0,0,001
95,2017-10,4,0,0,0,001
96,2017-10,4,0,0,0,001
97,2017-10,4,0,0,0,01
98,2017-10,4,0,0,0,0001
99,2017-10,4,0,0,0,0001
100,2017-10,4,0,0,0,0001
101,2017-10,4,0,0,0,0001
102,2017-10,4,0,0,0,0001
103,2017-10,4,0,0,0,0001
104,2017-10,4,0,0,0,1
105,2017-10,4,0,0,0,0001
106,2017-10,4,0,0,0,0001
107,2017-10,4,0,0,0,01
108,2017-10,4,0,0,0,01
109,2017-10,4,0,0,0,01
110,2017-10,4,0,0,0,01
111,2017-10,4,0,0,0,01
112,2017-10,4,0,0,0,01
113,2017-10,4,0,0,0,01
114,2017-10,4,0,0,0,01
115,2017-10,4,0,0,0,01
116,2017-10,4,0,0,0,01
117,2017-10,4,0,0,0,01
118,2017-10,4,0,0,0,01
119,2017-10,4,0,0,0,01
120,2017-10,4,0,0,0,01
121,2017-10,4,0,0,0,01
122,2017-10,4,0,0,0,01
123,2017-10,4,0,0,0,01
124,2017-10,4,0,0,0,01
125,2017-10,4,0,0,0,01
126,2017-10,4,0,0,0,01
127,2017-10,4,0,0,0,01
128,2017-10,4,0,0,0,01
129,2017-10,4,0,0,0,01
130,2017-10,4,0,0,0,01
131,2017-10,4,0,0,0,01
132,2017-10,4,0,0,0,01
133,2017-10,4,0,0,0,01
134,2017-10,4,0,0,0,01
135,2017-10,4,0,0,0,01
136,2017-10,4,0,0,0,01
137,2017-10,4,0,0,0,01
138,2017-10,4,0,0,0,01
139,2017-10,4,0,0,0,01
140,2017-10,4,0,0,0,01
141,2017-10,4,0,0,0,01
142,2017-10,4,0,0,0,01
143,2017-10,4,0,0,0,01
144,2017-10,4,0,0,0,01
145,2017-10,4,0,0,0,01
146,2017-10,4,0,0,0,01
147,2017-10,4,0,0,0,01
148,2017-10,4,0,0,0,01
149,2017-10,4,0,0,0,01
150,2017-10,4,0,0,0,01
151,2017-10,4,0,0,0,01
152,2017-10,4,0,0,0,01
153,2017-10,4,0,0,0,01
154,2017-10,4,0,0,0,01
155,2017-10,4,0,0,0,01
156,2017-10,4,0,0,0,01
157,2017-10,4,0,0,0,01
158,2017-10,4,0,0,0,01
159,2017-10,4,0,0,0,01
160,2017-10,4,0,0,0,01
161,2017-10,4,0,0,0,01
162,2017-10,4,0,0,0,01
163,2017-10,4,0,0,0,01
164,2017-10,4,0,0,0,01
165,2017-10,4,0,0,0,01
166,2017-10,4,0,0,0,1
167,2017-10,4,0,0,0,01
168,2017-10,4,0,0,0,01
169,2017-10,4,0,0,0,01
170,2017-10,4,0,0,0,01
171,2017-10,4,0,0,0,01
172,2017-10,4,1,0,0,01
173,2017-10,4,1,0,0,01
174,2017-10,4,1,0,0,01
175,2017-10,4,1,0,0,01
176,2017-10,4,1,0,0,01
177,2017-10,4,1,0,0,01
178,2017-10,4,1,0,0,01
179,2017-10,4,1,0,0,01
180,2017-10,4,1,0,0,01
181,2017-10,4,1,0,0,01
182,2017-10,4,1,0,0,01
183,2017-10,4,1,0,0,01
184,2017-10,4,1,0,0,01
185,2017-10,4,1,0,0,01
186,2017-10,4,1,0,0,01
187,2017-10,4,1,0,0,01
188,2017-10,4,1,0,0,01
189,2017-10,4,1,0,0,01
190,2017-10,4,1,0,0,01
191,2017-10,4,1,0,0,01
192,2017-10,4,1,0,0,00001
193,2017-10,4,1,0,0,01
194,2017-10,4,1,0,0,00000
195,2017-10,4,1,0,0,01
196,2017-10,4,1,0,0,00000
197,2017-10,4,1,0,0,01
198,2017-10,4,1,0,0,00000
199,2017-10,4,1,0,0,01
200,2017-10,4,1,0,0,01
201,2017-10,4,1,0,0,00001
202,2017-10,4,1,0,0,01
203,2017-10,4,1,0,0,00001
204,2017-10,4,1,0,0,00001
205,2017-10,4,1,0,0,00000
206,2017-10,4,1,0,0,00000
207,2017-10,4,1,0,0,01
208,2017-10,4,1,0,0,00001
209,2017-10,4,1,0,0,01
210,2017-10,4,1,0,0,01
211,2017-10,4,1,0,0,01
212,2017-10,4,1,0,0,01
213,2017-10,4,1,0,0,01
214,2017-10,4,1,0,0,01
215,2017-10,4,1,0,0,01
217,2017-10,4,1,1,0,01
218,2017-10,4,1,1,1,1
219,2017-10,4,1,0,0,01
220,2017-10,4,1,0,0,1
221,2017-10,4,1,0,0,01
222,2017-10,4,1,1,0,01
223,2017-10,4,1,0,0,01
224,2017-10,4,1,0,0,01
225,2017-10,4,1,0,0,01
226,2017-10,4,1,0,0,01
227,2017-10,4,1,0,0,01
228,2017-10,4,1,0,0,01
229,2017-10,4,1,0,0,01
230,2017-10,4,1,0,0,01
231,2017-10,4,1,0,0,01
232,2017-10,4,1,0,0,01
233,2017-10,4,1,0,0,01
234,2017-10,4,1,0,0,01
235,2017-10,4,1,0,0,01
236,2017-10,4,1,0,0,01
237,2017-10,4,1,0,0,01
238,2017-10,4,1,0,0,01
239,2017-10,4,1,0,0,01
240,2017-10,4,1,0,0,01
241,2017-10,4,0,0,0,01
242,2017-10,4,0,0,0,01
243,2017-10,4,0,0,0,01
244,2017-10,4,0,0,0,01
245,2017-10,4,0,0,0,01
246,2017-10,4,1,0,0,0001
247,2017-10,4,0,0,0,01
248,2017-10,4,0,0,0,01
249,2017-10,4,1,0,0,01
250,2017-10,4,1,0,0,01
251,2017-10,4,1,0,0,01
252,2017-10,4,0,0,0,00000
253,2017-10,4,0,0,0,00000
254,2017-10,4,0,0,0,01
255,2017-10,4,1,0,0,01
256,2017-10,4,0,0,0,01
257,2017-10,4,0,0,0,00000
258,2017-10,4,1,0,0,0001
259,2017-10,4,1,0,0,01
260,2017-10,4,1,0,0,1
261,2017-10,4,1,0,0,1
262,2017-10,4,1,0,0,1
263,2017-10,4,1,0,0,01
264,2017-10,4,0,0,0,01
265,2017-10,4,0,0,0,01
266,2017-10,4,0,0,0,01
267,2017-10,4,0,0,0,01
268,2017-10,4,0,0,0,01
269,2017-10,4,0,0,0,01
270,2017-10,4,0,0,0,01
271,2017-10,4,0,0,0,01
272,2017-10,4,0,0,0,01
273,2017-10,4,0,0,0,01
274,2017-10,4,0,0,0,01
275,2017-10,4,0,0,0,01
276,2017-10,4,0,0,0,01
277,2017-10,4,0,0,0,01
278,2017-10,4,0,0,0,01
279,2017-10,4,0,0,0,01
280,2017-10,4,0,0,0,01
281,2017-10,4,0,0,0,01
282,2017-10,4,0,0,0,01
283,2017-10,4,0,0,0,01
284,2017-10,4,0,0,0,01
285,2017-10,4,0,0,0,01
286,2017-10,4,0,0,0,01
287,2017-10,4,0,0,0,01
288,2017-10,4,0,0,0,01
289,2017-10,4,1,0,0,01
290,2017-10,4,0,0,0,01
291,2017-10,4,1,0,0,01
292,2017-10,4,0,0,0,01
293,2017-10,4,1,0,0,01
294,2017-10,4,1,0,0,01
295,2017-10,4,1,0,0,01
296,2017-10,4,0,0,0,01
297,2017-10,4,0,0,0,01
298,2017-10,4,1,0,0,01
299,2017-10,4,0,0,0,01
300,2017-10,4,0,0,0,01
301,2017-10,4,0,0,0,01
302,2017-10,4,0,0,0,01
303,2017-10,4,1,0,0,01
304,2017-10,4,1,0,0,01
305,2017-10,4,1,0,0,01
306,2017-10,4,0,0,0,01
307,2017-10,4,1,0,0,01
308,2017-10,4,1,0,0,00000
309,2017-10,4,1,0,0,01
310,2017-10,4,1,0,0,01
311,2017-10,4,1,0,0,01
312,2017-10,4,1,0,0,01
313,2017-10,4,1,0,0,01
314,2017-10,4,0,0,0,01
315,2017-10,4,1,0,0,1
316,2017-10,4,1,0,0,01
317,2017-10,4,1,0,0,01
318,2017-10,4,0,0,0,01
319,2017-10,4,0,0,0,01
320,2017-10,4,0,0,0,01
321,2017-10,4,0,0,0,1
322,2017-10,4,0,0,0,1
323,2017-10,4,0,0,0,1
324,2017-10,4,0,0,0,1
325,2017-10,4,0,0,0,1
326,2017-10,4,0,0,0,1
327,2017-10,4,0,0,0,1
328,2017-10,4,0,0,0,1
329,2017-10,4,0,0,0,1
330,2017-10,4,0,0,0,01
331,2017-10,4,0,0,0,1
332,2017-10,4,0,0,0,1
333,2017-10,4,0,0,0,01
334,2017-10,4,0,0,0,1
335,2017-10,4,0,0,0,1
336,2017-10,4,0,0,0,1
337,2017-10,4,0,0,0,1
338,2017-10,4,0,0,0,1
339,2017-10,4,0,0,0,1
340,2017-10,4,0,0,0,1
341,2017-10,4,1,0,0,1
342,2017-10,4,0,0,0,01
343,2017-10,4,0,0,0,1
344,2017-10,4,1,0,0,1
345,2017-10,4,0,0,0,1
346,2017-10,4,1,0,0,1
347,2017-10,4,1,0,0,1
348,2017-10,4,1,0,0,00000
349,2017-10,4,1,0,0,1
350,2017-10,4,1,0,0,1
351,2017-10,4,1,0,0,1
352,2017-10,4,1,0,0,1
353,2017-10,4,1,0,0,1
354,2017-10,4,1,0,0,1
355,2017-10,4,1,0,0,1
356,2017-10,4,1,0,0,1
357,2017-10,4,0,0,0,1
358,2017-10,4,0,0,0,1
359,2017-10,4,1,0,0,1
360,2017-10,4,1,0,0,1
361,2017-10,4,1,0,0,1
362,2017-10,4,1,0,0,1
363,2017-10,4,1,0,0,1
364,2017-10,4,1,0,0,1
365,2017-10,4,1,0,0,1
366,2017-10,4,1,0,0,1
367,2017-10,4,1,0,0,001
368,2017-10,4,1,0,0,1
369,2017-10,4,1,0,0,1
370,2017-10,4,1,0,0,1
371,2017-10,4,0,0,0,1
372,2017-10,4,0,0,0,1
373,2017-10,4,0,0,0,1
374,2017-10,4,0,0,0,1
375,2017-10,4,0,0,0,1
376,2017-10,4,0,0,0,1
377,2017-10,4,0,0,0,1
378,2017-10,4,0,0,0,1
379,2017-10,4,0,0,0,1
380,2017-10,4,0,0,0,1
381,2017-10,4,0,0,0,1
382,2017-10,4,0,0,0,1
383,2017-10,4,0,0,0,1
384,2017-10,4,0,0,0,1
385,2017-10,4,0,0,0,1
386,2017-10,4,0,0,0,1
387,2017-10,4,0,0,0,1
388,2017-10,4,0,0,0,1
389,2017-10,4,0,0,0,1
390,2017-10,4,0,0,0,1
391,2017-10,4,0,0,0,1
392,2017-10,4,0,0,0,1
393,2017-10,4,0,0,0,1
394,2017-10,4,0,0,0,1
395,2017-10,4,0,0,0,1
396,2017-10,4,0,0,0,1
397,2017-10,4,0,0,0,1
398,2017-10,4,0,0,0,1
399,2017-10,4,0,0,0,1
400,2017-10,4,0,0,0,1
401,2017-10,4,0,0,0,1
402,2017-10,4,0,0,0,1
403,2017-10,4,0,0,0,1
404,2017-10,4,0,0,0,1
405,2017-10,4,0,0,0,1
406,2017-10,4,0,0,0,1
407,2017-10,4,0,0,0,1
408,2017-10,4,0,0,0,1
409,2017-10,4,1,0,0,1
410,2017-10,4,0,0,0,1
411,2017-10,4,0,0,0,1
412,2017-10,4,0,0,0,1
413,2017-10,4,0,0,0,1
414,2017-10,4,0,0,0,1
415,2017-10,4,0,0,0,1
416,2017-10,4,0,0,0,1
417,2017-10,4,0,0,0,1
418,2017-10,4,0,0,0,1
419,2017-10,4,0,0,0,1
420,2017-10,4,0,0,0,1
421,2017-10,4,0,0,0,1
422,2017-10,4,0,0,0,1
423,2017-10,4,0,0,0,1
424,2017-10,4,0,0,0,1
425,2017-10,4,1,0,0,1
426,2017-10,4,0,0,0,1
427,2017-10,4,0,0,0,1
428,2017-10,4,0,0,0,1
429,2017-10,4,0,0,0,1
430,2017-10,4,1,0,0,1
431,2017-10,4,0,0,0,1
432,2017-10,4,0,0,0,1
433,2017-10,4,0,0,0,1
434,2017-10,4,1,0,0,1
435,2017-10,4,0,0,0,1
436,2017-10,4,0,0,0,1
437,2017-10,4,0,0,0,1
438,2017-10,4,0,0,0,1
439,2017-10,4,0,0,0,1
440,2017-10,4,0,0,0,1
441,2017-10,4,0,0,0,1
442,2017-10,4,0,0,0,1
443,2017-10,4,0,0,0,1
444,2017-10,4,1,0,0,1
445,2017-10,4,0,0,0,1
446,2017-10,4,0,0,0,1
447,2017-10,4,1,0,0,1
448,2017-10,4,0,0,0,1
449,2017-10,4,0,0,0,1
450,2017-10,4,0,0,0,1
451,2017-10,4,0,0,0,1
452,2017-10,4,0,0,0,1
453,2017-10,4,0,0,0,1
454,2017-10,4,0,0,0,1
455,2017-10,4,0,0,0,1
456,2017-10,4,0,0,0,1
457,2017-10,4,0,0,0,1
458,2017-10,4,0,0,0,1
459,2017-10,4,0,0,0,1
460,2017-10,4,0,0,0,1
461,2017-10,4,0,0,0,1
462,2017-10,4,0,0,0,1
463,2017-10,4,0,0,0,1
464,2017-10,4,1,0,0,1
465,2017-10,4,1,0,0,1
466,2017-10,4,0,0,0,1
467,2017-10,4,0,0,0,01
468,2017-10,4,0,0,0,1
469,2017-10,4,0,0,0,1
470,2017-10,4,0,0,0,1
471,2017-10,4,0,0,0,1
472,2017-10,4,0,0,0,1
473,2017-10,4,0,0,0,1
474,2017-10,4,0,0,0,1
475,2017-10,4,0,0,0,1
476,2017-10,4,0,0,0,1
477,2017-10,4,0,0,0,1
478,2017-10,4,0,0,0,1
479,2017-10,4,0,0,0,1
480,2017-10,4,0,0,0,1
481,2017-10,4,0,0,0,1
482,2017-10,4,0,0,0,1
483,2017-10,4,0,0,0,1
484,2017-10,4,0,0,0,1
485,2017-10,4,0,0,0,1
486,2017-10,4,0,0,0,1
487,2017-10,4,0,0,0,1
488,2017-10,4,0,0,0,1
489,2017-10,4,0,0,0,1
490,2017-10,4,0,0,0,1
491,2017-10,4,0,0,0,1
492,2017-10,4,0,0,0,1
493,2017-10,4,0,0,0,1
494,2017-10,4,0,0,0,1
495,2017-10,4,0,0,0,1
496,2017-10,4,0,0,0,1
497,2017-10,4,0,0,0,1
498,2017-10,4,0,0,0,1
499,2017-10,4,0,0,0,1
500,2017-10,4,0,0,0,1
501,2017-10,4,1,0,0,1
502,2017-10,4,0,0,0,1
503,2017-10,4,1,0,0,1
504,2017-10,4,0,0,0,1
505,2017-10,4,0,0,0,1
506,2017-10,4,0,0,0,1
507,2017-10,4,0,0,0,1
508,2017-10,4,1,0,0,1
509,2017-10,4,0,0,0,1
510,2017-10,4,1,0,0,1
511,2017-10,4,0,0,0,1
512,2017-10,4,0,0,0,1
513,2017-10,4,0,0,0,1
514,2017-10,4,0,0,0,1
515,2017-10,4,0,0,0,1
516,2017-10,4,1,0,0,1
517,2017-10,4,0,0,0,1
518,2017-10,4,0,0,0,1
519,2017-10,4,0,0,0,1
520,2017-10,4,0,0,0,1
521,2017-10,4,0,0,0,1
522,2017-10,4,0,0,0,1
523,2017-10,4,0,0,0,1
524,2017-10,4,0,0,0,1
525,2017-10,4,0,0,0,1
526,2017-10,4,0,0,0,1
527,2017-10,4,0,0,0,1
528,2017-10,4,0,0,0,1
529,2017-10,4,0,0,0,00000
530,2017-10,4,0,0,0,1
531,2017-10,4,0,0,0,1
532,2017-10,4,0,0,0,1
533,2017-10,4,0,0,0,1
534,2017-10,4,1,1,0,00001
535,2017-10,4,0,0,0,00000
536,2017-10,4,0,0,0,01
537,2017-10,4,0,0,0,1
538,2017-10,4,0,0,0,1
539,2017-10,4,1,0,0,1
540,2017-10,4,0,0,0,1
541,2017-10,4,0,0,0,1
542,2017-10,4,0,0,0,1
543,2017-10,4,0,0,0,1
544,2017-10,4,0,0,0,1
545,2017-10,4,0,0,0,1
546,2017-10,4,0,0,0,1
547,2017-10,4,0,0,0,1
548,2017-10,4,0,0,0,1
549,2017-10,4,0,0,0,1
550,2017-10,4,0,0,0,1
551,2017-10,4,0,0,0,1
552,2017-10,4,0,0,0,1
553,2017-10,4,0,0,0,1
554,2017-10,4,0,0,0,1
555,2017-10,4,0,0,0,1
556,2017-10,4,0,0,0,1
557,2017-10,4,0,0,0,1
558,2017-10,4,1,0,0,01
559,2017-10,4,0,0,0,1
560,2017-10,4,0,0,0,1
561,2017-10,4,0,0,0,1
562,2017-10,4,0,0,0,1
563,2017-10,4,0,0,0,1
564,2017-10,4,0,0,0,1
565,2017-10,4,0,0,0,1
566,2017-10,4,0,0,0,1
567,2017-10,4,0,0,0,1
568,2017-10,4,0,0,0,1
569,2017-10,4,0,0,0,1
570,2017-10,4,0,0,0,1
571,2017-10,4,0,0,0,1
572,2017-10,4,0,0,0,1
573,2017-10,4,0,0,0,1
574,2017-10,4,0,0,0,1
575,2017-10,4,0,0,0,1
576,2017-10,4,0,0,0,1
577,2017-10,4,0,0,0,1
578,2017-10,4,0,0,0,1
579,2017-10,4,0,0,0,1
580,2017-10,4,0,0,0,1
581,2017-10,4,0,0,0,1
582,2017-10,4,0,0,0,1
583,2017-10,4,1,0,0,1
584,2017-10,4,0,0,0,1
585,2017-10,4,0,0,0,1
586,2017-10,4,0,0,0,1
587,2017-10,4,0,0,0,1
588,2017-10,4,0,0,0,1
589,2017-10,4,0,0,0,1
590,2017-10,4,0,0,0,1
591,2017-10,4,0,0,0,1
592,2017-10,4,0,0,0,1
593,2017-10,4,0,0,0,1
594,2017-10,4,0,0,0,1
595,2017-10,4,0,0,0,0001
596,2017-10,4,0,0,0,1
597,2017-10,4,1,1,0,00001
598,2017-10,4,0,0,0,1
599,2017-10,4,0,0,0,1
600,2017-10,4,0,0,0,1
601,2017-10,4,0,0,0,1
602,2017-10,4,0,0,0,1
603,2017-10,4,0,0,0,1
604,2017-10,4,0,0,0,1
605,2017-10,4,0,0,0,1
606,2017-10,4,0,0,0,1
607,2017-10,4,0,0,0,1
608,2017-10,4,0,0,0,1
609,2017-10,4,0,0,0,1
610,2017-10,4,0,0,0,1
611,2017-10,4,0,0,0,1
612,2017-10,4,0,0,0,1
613,2017-10,4,0,0,0,1
614,2017-10,4,0,0,0,1
615,2017-10,4,0,0,0,1
616,2017-10,4,0,0,0,1
617,2017-10,4,0,0,0,1
618,2017-10,4,0,0,0,1
619,2017-10,4,0,0,0,1
620,2017-10,4,0,0,0,1
621,2017-10,4,0,0,0,1
622,2017-10,4,0,0,0,1
623,2017-10,4,0,0,0,1
624,2017-10,4,0,0,0,1
625,2017-10,4,0,0,0,1
626,2017-10,4,0,0,0,1
627,2017-10,4,0,0,0,1
628,2017-10,4,0,0,0,1
629,2017-10,4,0,0,0,1
630,2017-10,4,0,0,0,1
631,2017-10,4,0,0,0,1
632,2017-10,4,0,0,0,1
633,2017-10,4,0,0,0,1
634,2017-10,4,0,0,0,1
635,2017-10,4,0,0,0,1
636,2017-10,4,1,0,0,1
637,2017-10,4,0,0,0,1
638,2017-10,4,0,0,0,1
639,2017-10,4,0,0,0,1
640,2017-10,4,0,0,0,1
641,2017-10,4,0,0,0,1
642,2017-10,4,0,0,0,1
643,2017-10,4,0,0,0,1
644,2017-10,4,0,0,0,1
645,2017-10,4,0,0,0,1
646,2017-10,4,0,0,0,1
647,2017-10,4,0,0,0,1
648,2017-10,4,0,0,0,1
649,2017-10,4,0,0,0,1
650,2017-10,4,0,0,0,1
651,2017-10,4,0,0,0,1
652,2017-10,4,0,0,0,1
653,2017-10,4,0,0,0,1
654,2017-10,4,0,0,0,1
655,2017-10,4,0,0,0,1
656,2017-10,4,0,0,0,1
657,2017-10,4,0,0,0,1
658,2017-10,4,0,0,0,1
659,2017-10,4,0,0,0,1
660,2017-10,4,0,0,0,1
661,2017-10,4,0,0,0,1
662,2017-10,4,0,0,0,1
663,2017-10,4,0,0,0,1
664,2017-10,4,0,0,0,1
665,2017-10,4,0,0,0,1
666,2017-10,4,0,0,0,1
667,2017-10,4,0,0,0,1
668,2017-10,4,0,0,0,1
669,2017-10,4,0,0,0,1
670,2017-10,4,0,0,0,1
671,2017-10,4,0,0,0,1
672,2017-10,4,0,0,0,1
673,2017-10,4,0,0,0,1
674,2017-10,4,0,0,0,1
675,2017-10,4,0,0,0,1
676,2017-10,4,0,0,0,1
677,2017-10,4,0,0,0,1
678,2017-10,4,0,0,0,1
679,2017-10,4,0,0,0,1
680,2017-10,4,0,0,0,1
681,2017-10,4,0,0,0,1
682,2017-10,4,0,0,0,1
683,2017-10,4,0,0,0,1
684,2017-10,4,0,0,0,1
685,2017-10,4,0,0,0,1
686,2017-10,4,0,0,0,1
687,2017-10,4,0,0,0,1
688,2017-10,4,0,0,0,1
689,2017-10,4,0,0,0,1
690,2017-10,4,0,0,0,1
691,2017-10,4,0,0,0,1
692,2017-10,4,0,0,0,1
693,2017-10,4,0,0,0,1
694,2017-10,4,0,0,0,1
695,2017-10,4,0,0,0,1
696,2017-10,4,0,0,0,1
697,2017-10,4,0,0,0,1
698,2017-10,4,0,0,0,1
699,2017-10,4,0,0,0,1
700,2017-10,4,0,0,0,1
701,2017-10,4,0,0,0,1
702,2017-10,4,0,0,0,1
703,2017-10,4,0,0,0,1
704,2017-10,4,0,0,0,1
705,2017-10,4,0,0,0,1
706,2017-10,4,0,0,0,1
707,2017-10,4,0,0,0,1
708,2017-10,4,0,0,0,1
709,2017-10,4,0,0,0,1
710,2017-10,4,0,0,0,1
711,2017-10,4,0,0,0,1
712,2017-10,4,0,0,0,1
713,2017-10,4,0,0,0,1
714,2017-10,4,0,0,0,1
715,2017-10,4,0,0,0,1
716,2017-10,4,0,0,0,1
717,2017-10,4,0,0,0,1
718,2017-10,4,0,0,0,1
719,2017-10,4,0,0,0,1
720,2017-10,4,0,0,0,1
721,2017-10,4,0,0,0,1
722,2017-10,4,0,0,0,1
723,2017-10,4,0,0,0,1
724,2017-10,4,0,0,0,1
725,2017-10,4,0,0,0,1
726,2017-10,4,0,0,0,1
727,2017-10,4,0,0,0,1
728,2017-10,4,1,0,0,001
729,2017-10,4,0,0,0,1
730,2017-10,4,0,0,0,1
731,2017-10,4,0,0,0,1
732,2017-10,4,0,0,0,1
733,2017-10,4,0,0,0,1
734,2017-10,4,0,0,0,1
735,2017-10,4,0,0,0,1
736,2017-10,4,0,0,0,1
737,2017-10,4,0,0,0,1
738,2017-10,4,0,0,0,1
739,2017-10,4,1,0,0,1
740,2017-10,4,1,0,0,1
741,2017-10,4,0,0,0,1
742,2017-10,4,1,0,0,1
743,2017-10,4,0,0,0,1
744,2017-10,4,1,0,0,1
745,2017-10,4,1,0,0,1
746,2017-10,4,1,0,0,1
747,2017-10,4,1,0,0,1
748,2017-10,4,1,0,0,1
749,2017-10,4,1,0,0,1
750,2017-10,4,1,0,0,1
751,2017-10,4,0,0,0,1
752,2017-10,4,1,0,0,1
753,2017-10,4,0,0,0,1
754,2017-10,4,0,0,0,1
755,2017-10,4,0,0,0,1
756,2017-10,4,0,0,0,1
757,2017-10,4,0,0,0,1
758,2017-10,4,0,0,0,1
759,2017-10,4,0,0,0,1
760,2017-10,4,0,0,0,1
761,2017-10,4,0,0,0,1
762,2017-10,4,0,0,0,1
763,2017-10,4,0,0,0,1
764,2017-10,4,0,0,0,1
765,2017-10,4,0,0,0,1
766,2017-10,4,0,0,0,1
767,2017-10,4,0,0,0,1
768,2017-10,4,0,0,0,1
769,2017-10,4,0,0,0,1
770,2017-10,4,0,0,0,1
771,2017-10,4,0,0,0,1
772,2017-10,4,0,0,0,1
773,2017-10,4,0,0,0,1
774,2017-10,4,0,0,0,1
775,2017-10,4,0,0,0,00000
776,2017-10,4,0,0,0,1
777,2017-10,4,0,0,0,1
778,2017-10,4,0,0,0,1
779,2017-10,4,0,0,0,1
780,2017-10,4,0,0,0,1
781,2017-10,4,0,0,0,1
782,2017-10,4,0,0,0,1
783,2017-10,4,0,0,0,1
784,2017-10,4,0,0,0,1
785,2017-10,4,0,0,0,1
786,2017-10,4,0,0,0,1
787,2017-10,4,0,0,0,1
788,2017-10,4,0,0,0,01
789,2017-10,4,0,0,0,1
790,2017-10,4,0,0,0,1
791,2017-10,4,0,0,0,1
792,2017-10,4,0,0,0,1
793,2017-10,4,0,0,0,1
794,2017-10,4,0,0,0,1
795,2017-10,4,0,0,0,1
796,2017-10,4,0,0,0,1
797,2017-10,4,0,0,0,1
798,2017-10,4,0,0,0,1
799,2017-10,4,0,0,0,1
800,2017-10,4,0,0,0,1
801,2017-10,4,0,0,0,1
802,2017-10,4,0,0,0,1
803,2017-10,4,0,0,0,1
804,2017-10,4,0,0,0,1
805,2017-10,4,0,0,0,1
806,2017-10,4,1,0,0,1
807,2017-10,4,1,0,0,1
808,2017-10,4,1,0,0,1
809,2017-10,4,1,1,1,1
810,2017-10,4,1,0,0,1
811,2017-10,4,1,0,0,1
812,2017-10,4,1,1,1,1
813,2017-10,4,0,0,0,1
814,2017-10,4,0,0,0,1
815,2017-10,4,0,0,0,1
816,2017-10,4,0,0,0,1
817,2017-10,4,0,0,0,1
818,2017-10,4,0,0,0,1
819,2017-10,4,0,0,0,1
820,2017-10,4,0,0,0,1
821,2017-10,4,0,0,0,1
822,2017-10,4,0,0,0,1
823,2017-10,4,0,0,0,1
824,2017-10,4,0,0,0,1
825,2017-10,4,0,0,0,1
826,2017-10,4,0,0,0,1
827,2017-10,4,0,0,0,1
828,2017-10,4,0,0,0,1
829,2017-10,4,0,0,0,1
830,2017-10,4,0,0,0,1
831,2017-10,4,0,0,0,1
832,2017-10,4,0,0,0,1
833,2017-10,4,0,0,0,1
834,2017-10,4,0,0,0,1
835,2017-10,4,0,0,0,1
836,2017-10,4,0,0,0,1
837,2017-10,4,0,0,0,1
838,2017-10,4,0,0,0,1
839,2017-10,4,0,0,0,1
840,2017-10,4,0,0,0,1
841,2017-10,4,0,0,0,1
842,2017-10,4,0,0,0,1
843,2017-10,4,0,0,0,1
844,2017-10,4,0,0,0,1
845,2017-10,4,0,0,0,1
846,2017-10,4,0,0,0,1
847,2017-10,4,0,0,0,1
848,2017-10,4,0,0,0,1
849,2017-10,4,0,0,0,1
850,2017-10,4,0,0,0,1
851,2017-10,4,0,0,0,1
852,2017-10,4,0,0,0,1
853,2017-10,4,0,0,0,1
854,2017-10,4,0,0,0,1
855,2017-10,4,0,0,0,1
856,2017-10,4,0,0,0,1
857,2017-10,4,0,0,0,1
858,2017-10,4,0,0,0,1
859,2017-10,4,0,0,0,1
860,2017-10,4,0,0,0,1
861,2017-10,4,0,0,0,1
862,2017-10,4,0,0,0,1
863,2017-10,4,0,0,0,1
864,2017-10,4,0,0,0,1
865,2017-10,4,0,0,0,1
866,2017-10,4,0,0,0,1
867,2017-10,4,0,0,0,1
868,2017-10,4,1,0,0,1
869,2017-10,4,0,0,0,1
870,2017-10,4,1,0,0,1
871,2017-10,4,1,0,0,1
872,2017-10,4,0,0,0,1
873,2017-10,4,0,0,0,1
874,2017-10,4,1,1,1,1
875,2017-10,4,1,0,0,1
876,2017-10,4,0,0,0,1
877,2017-10,4,0,0,0,1
878,2017-10,4,0,0,0,1
879,2017-10,4,0,0,0,1
880,2017-10,4,0,0,0,1
881,2017-10,4,0,0,0,1
882,2017-10,4,0,0,0,1
883,2017-10,4,0,0,0,1
884,2017-10,4,0,0,0,1
885,2017-10,4,0,0,0,1
886,2017-10,4,0,0,0,1
887,2017-10,4,0,0,0,1
888,2017-10,4,0,0,0,1
889,2017-10,4,0,0,0,1
890,2017-10,4,0,0,0,1
891,2017-10,4,0,0,0,1
892,2017-10,4,0,0,0,1
893,2017-10,4,1,0,0,1
894,2017-10,4,0,0,0,00000
895,2017-10,4,0,0,0,1
896,2017-10,4,1,0,0,1
897,2017-10,4,0,0,0,1
898,2017-10,4,1,0,0,1
899,2017-10,4,1,0,0,1
900,2017-10,4,0,0,0,1
901,2017-10,4,1,0,0,00000
902,2017-10,4,0,0,0,1
903,2017-10,4,1,0,0,1
904,2017-10,4,1,0,0,1
905,2017-10,4,0,0,0,1
906,2017-10,4,0,0,0,1
907,2017-10,4,1,0,0,1
908,2017-10,4,1,0,0,1
909,2017-10,4,0,0,0,1
910,2017-10,4,1,0,0,1
911,2017-10,4,1,0,0,1
912,2017-10,4,0,0,0,1
913,2017-10,4,0,0,0,1
914,2017-10,4,1,0,0,1
915,2017-10,4,1,0,0,1
916,2017-10,4,0,0,0,1
917,2017-10,4,1,0,0,1
918,2017-10,4,0,0,0,1
919,2017-10,4,0,0,0,1
920,2017-10,4,0,0,0,1
921,2017-10,4,0,0,0,1
922,2017-10,4,0,0,0,1
923,2017-10,4,0,0,0,1
924,2017-10,4,0,0,0,1
925,2017-10,4,0,0,0,1
926,2017-10,4,1,0,0,1
927,2017-10,4,0,0,0,1
928,2017-10,4,1,0,0,1
929,2017-10,4,1,0,0,1
930,2017-10,4,0,0,0,1
931,2017-10,4,0,0,0,1
932,2017-10,4,0,0,0,1
933,2017-10,4,0,0,0,1
934,2017-10,4,0,0,0,1
935,2017-10,4,0,0,0,1
936,2017-10,4,0,0,0,1
937,2017-10,4,0,0,0,1
938,2017-10,4,0,0,0,1
939,2017-10,4,0,0,0,1
940,2017-10,4,0,0,0,1
941,2017-10,4,0,0,0,1
942,2017-10,4,0,0,0,1
943,2017-10,4,0,0,0,1
944,2017-10,4,0,0,0,1
945,2017-10,4,0,0,0,1
946,2017-10,4,0,0,0,1
947,2017-10,4,0,0,0,1
948,2017-10,4,0,0,0,1
949,2017-10,4,0,0,0,1
950,2017-10,4,0,0,0,1
951,2017-10,4,0,0,0,1
952,2017-10,4,0,0,0,1
953,2017-10,4,0,0,0,1
954,2017-10,4,0,0,0,1
955,2017-10,4,0,0,0,1
956,2017-10,4,0,0,0,1
957,2017-10,4,0,0,0,1
958,2017-10,4,0,0,0,1
959,2017-10,4,0,0,0,1
960,2017-10,4,0,0,0,1
961,2017-10,4,0,0,0,1
962,2017-10,4,0,0,0,1
963,2017-10,4,0,0,0,1
964,2017-10,4,0,0,0,1
965,2017-10,4,0,0,0,1
966,2017-10,4,0,0,0,1
967,2017-10,4,0,0,0,1
968,2017-10,4,0,0,0,1
969,2017-10,4,0,0,0,1
970,2017-10,4,0,0,0,1
971,2017-10,4,0,0,0,1
972,2017-10,4,0,0,0,1
973,2017-10,4,0,0,0,1
974,2017-10,4,0,0,0,1
975,2017-10,4,0,0,0,1
976,2017-10,4,0,0,0,1
977,2017-10,4,0,0,0,1
978,2017-10,4,0,0,0,1
979,2017-10,4,0,0,0,1
980,2017-10,4,0,0,0,1
981,2017-10,4,0,0,0,1
982,2017-10,4,0,0,0,1
983,2017-10,4,0,0,0,1
984,2017-10,4,0,0,0,1
985,2017-10,4,0,0,0,1
986,2017-10,4,0,0,0,1
987,2017-10,4,0,0,0,1
988,2017-10,4,0,0,0,1
989,2017-10,4,0,0,0,1
990,2017-10,4,0,0,0,1
991,2017-10,4,0,0,0,1
992,2017-10,4,0,0,0,1
993,2017-10,4,0,0,0,1
994,2017-10,4,0,0,0,1
995,2017-10,4,0,0,0,1
996,2017-10,4,0,0,0,1
997,2017-10,4,0,0,0,1
998,2017-10,4,0,0,0,1
999,2017-10,4,0,0,0,1
1000,2017-10,4,0,0,0,1
1001,2017-10,4,0,0,0,1
1002,2017-10,4,0,0,0,1
1003,2017-10,4,0,0,0,1
1004,2017-10,4,0,0,0,1
1005,2017-10,4,0,0,0,1
1006,2017-10,4,0,0,0,1
1007,2017-10,4,0,0,0,1
1008,2017-10,4,0,0,0,1
1009,2017-10,4,0,0,0,1
1010,2017-10,4,0,0,0,1
1011,2017-10,4,0,0,0,1
1012,2017-10,4,0,0,0,1
1013,2017-10,4,0,0,0,1
1014,2017-10,4,0,0,0,1
1015,2017-10,4,0,0,0,1
1112,2017-10,4,0,0,0,1
1113,2017-10,4,0,0,0,1
1114,2017-10,4,0,0,0,1
1115,2017-10,4,0,0,0,1
1116,2017-10,4,1,0,0,1
1117,2017-10,4,0,0,0,1
1118,2017-10,4,0,0,0,1
1119,2017-10,4,0,0,0,1
1120,2017-10,4,0,0,0,1
1121,2017-10,4,0,0,0,1
1122,2017-10,4,0,0,0,1
1123,2017-10,4,0,0,0,1
1124,2017-10,4,0,0,0,1
1125,2017-10,4,0,0,0,1
1126,2017-10,4,0,0,0,1
1127,2017-10,4,0,0,0,1
1128,2017-10,4,0,0,0,1
1129,2017-10,4,0,0,0,1
1130,2017-10,4,0,0,0,1
1131,2017-10,4,1,0,0,1
1132,2017-10,4,0,0,0,1
1133,2017-10,4,0,0,0,1
1134,2017-10,4,0,0,0,1
1135,2017-10,4,0,0,0,1
1136,2017-10,4,0,0,0,1
1137,2017-10,4,0,0,0,1
1138,2017-10,4,0,0,0,1
1139,2017-10,4,0,0,0,1
1140,2017-10,4,0,0,0,1
1141,2017-10,4,0,0,0,1
1142,2017-10,4,0,0,0,1
1143,2017-10,4,0,0,0,1
1144,2017-10,4,0,0,0,1
1145,2017-10,4,0,0,0,1
1146,2017-10,4,0,0,0,1
1147,2017-10,4,0,0,0,1
1148,2017-10,4,0,0,0,1
1149,2017-10,4,0,0,0,1
1150,2017-10,4,0,0,0,1
1151,2017-10,4,0,0,0,1
1152,2017-10,4,0,0,0,1
1153,2017-10,4,0,0,0,1
1154,2017-10,4,0,0,0,1
1155,2017-10,4,0,0,0,1
1156,2017-10,4,0,0,0,1
1157,2017-10,4,0,0,0,1
1158,2017-10,4,0,0,0,1
1159,2017-10,4,0,0,0,1
1160,2017-10,4,0,0,0,1
1161,2017-10,4,0,0,0,1
1162,2017-10,4,0,0,0,1
1163,2017-10,4,0,0,0,1
1164,2017-10,4,0,0,0,1
1165,2017-10,4,0,0,0,1
1166,2017-10,4,0,0,0,1
1167,2017-10,4,0,0,0,1
1168,2017-10,4,0,0,0,1
1169,2017-10,4,0,0,0,1
1170,2017-10,4,0,0,0,1
1171,2017-10,4,0,0,0,1
1172,2017-10,4,0,0,0,1
1173,2017-10,4,0,0,0,1
1174,2017-10,4,0,0,0,1
1175,2017-10,4,0,0,0,1
1176,2017-10,4,0,0,0,1
1177,2017-10,4,0,0,0,1
1178,2017-10,4,0,0,0,1
1179,2017-10,4,0,0,0,1
1180,2017-10,4,0,0,0,1
1181,2017-10,4,0,0,0,1
1182,2017-10,4,0,0,0,1
1183,2017-10,4,0,0,0,1
1184,2017-10,4,0,0,0,1
1185,2017-10,4,0,0,0,1
1186,2017-10,4,0,0,0,1
1187,2017-10,4,0,0,0,1
1188,2017-10,4,0,0,0,1
1189,2017-10,4,0,0,0,1
1190,2017-10,4,0,0,0,1
1191,2017-10,4,0,0,0,1
1192,2017-10,4,0,0,0,1
1193,2017-10,4,0,0,0,1
1194,2017-10,4,0,0,0,1
1195,2017-10,4,0,0,0,1
1196,2017-10,4,0,0,0,1
1197,2017-10,4,0,0,0,1
1198,2017-10,4,0,0,0,1
1199,2017-10,4,0,0,0,1
1200,2017-10,4,1,0,0,1
1201,2017-10,4,0,0,0,00000
1202,2017-10,4,0,0,0,1
1203,2017-10,4,0,0,0,1
1204,2017-10,4,0,0,0,1
1205,2017-10,4,0,0,0,1
1206,2017-10,4,0,0,0,1
1207,2017-10,4,0,0,0,1
1208,2017-10,4,0,0,0,1
1209,2017-10,4,0,0,0,1
1210,2017-10,4,0,0,0,1
1211,2017-10,4,0,0,0,1
1212,2017-10,4,0,0,0,1
1213,2017-10,4,0,0,0,1
1214,2017-10,4,0,0,0,1
1215,2017-10,4,0,0,0,1
1216,2017-10,4,0,0,0,1
1217,2017-10,4,0,0,0,1
1218,2017-10,4,0,0,0,1
1219,2017-10,4,0,0,0,1
1220,2017-10,4,0,0,0,1
1221,2017-10,4,0,0,0,1
1222,2017-10,4,0,0,0,1
1223,2017-10,4,0,0,0,00000
1224,2017-10,4,0,0,0,1
1225,2017-10,4,1,0,0,1
1226,2017-10,4,0,0,0,1
1227,2017-10,4,0,0,0,1
1228,2017-10,4,0,0,0,1
1229,2017-10,4,0,0,0,1
1230,2017-10,4,0,0,0,1
1231,2017-10,4,0,0,0,1
1232,2017-10,4,0,0,0,1
1233,2017-10,4,0,0,0,1
1234,2017-10,4,0,0,0,1
1235,2017-10,4,0,0,0,00000
1236,2017-10,4,0,0,0,1
1237,2017-10,4,1,0,0,1
1238,2017-10,4,0,0,0,1
1239,2017-10,4,0,0,0,1
1240,2017-10,4,0,0,0,1
1241,2017-10,4,0,0,0,1
1242,2017-10,4,0,0,0,1
1243,2017-10,4,0,0,0,1
1244,2017-10,4,0,0,0,1
1245,2017-10,4,0,0,0,1
1246,2017-10,4,0,0,0,1
1247,2017-10,4,0,0,0,1
1248,2017-10,4,1,0,0,1
1249,2017-10,4,0,0,0,1
1250,2017-10,4,0,0,0,1
1251,2017-10,4,0,0,0,1
1252,2017-10,4,0,0,0,1
1253,2017-10,4,0,0,0,1
1254,2017-10,4,0,0,0,1
1255,2017-10,4,0,0,0,1
1256,2017-10,4,0,0,0,1
1257,2017-10,4,0,0,0,1
1258,2017-10,4,0,0,0,1
1259,2017-10,4,0,0,0,1
1260,2017-10,4,0,0,0,1
1261,2017-10,4,0,0,0,1
1262,2017-10,4,0,0,0,00000
1263,2017-10,4,0,0,0,1
1264,2017-10,4,0,0,0,1
1265,2017-10,4,0,0,0,1
1266,2017-10,4,0,0,0,1
1267,2017-10,4,0,0,0,1
1268,2017-10,4,0,0,0,1
1269,2017-10,4,0,0,0,1
1270,2017-10,4,1,0,0,1
1271,2017-10,4,0,0,0,1
1272,2017-10,4,1,0,0,1
1273,2017-10,4,0,0,0,1
1274,2017-10,4,0,0,0,01
1275,2017-10,4,0,0,0,1
1276,2017-10,4,0,0,0,1
1277,2017-10,4,1,0,0,1
1278,2017-10,4,0,0,0,1
1279,2017-10,4,0,0,0,1
1280,2017-10,4,0,0,0,1
1281,2017-10,4,0,0,0,1
1282,2017-10,4,0,0,0,1
1283,2017-10,4,0,0,0,1
1284,2017-10,4,0,0,0,1
1285,2017-10,4,0,0,0,1
1286,2017-10,4,1,0,0,1
1287,2017-10,4,0,0,0,1
1288,2017-10,4,0,0,0,1
1289,2017-10,4,0,0,0,1
1290,2017-10,4,0,0,0,1
1291,2017-10,4,1,0,0,1
1292,2017-10,4,0,0,0,1
1293,2017-10,4,1,0,0,1
1294,2017-10,4,0,0,0,1
1295,2017-10,4,0,0,0,1
1296,2017-10,4,0,0,0,1
1297,2017-10,4,0,0,0,1
1298,2017-10,4,0,0,0,1
1299,2017-10,4,0,0,0,1
1300,2017-10,4,0,0,0,1
1301,2017-10,4,0,0,0,1
1302,2017-10,4,0,0,0,1
1303,2017-10,4,0,0,0,1
1304,2017-10,4,0,0,0,1
1305,2017-10,4,0,0,0,1
1306,2017-10,4,0,0,0,1
1307,2017-10,4,0,0,0,1
1308,2017-10,4,0,0,0,1
1309,2017-10,4,0,0,0,1
1310,2017-10,4,0,0,0,1
1311,2017-10,4,0,0,0,00000
1312,2017-10,4,0,0,0,1
1313,2017-10,4,0,0,0,1
1314,2017-10,4,0,0,0,1
1315,2017-10,4,0,0,0,1
1316,2017-10,4,0,0,0,1
1317,2017-10,4,0,0,0,1
1318,2017-10,4,0,0,0,1
1319,2017-10,4,0,0,0,1
1320,2017-10,4,0,0,0,1
1321,2017-10,4,0,0,0,1
1322,2017-10,4,0,0,0,1
1323,2017-10,4,1,0,0,1
1324,2017-10,4,0,0,0,1
1325,2017-10,4,0,0,0,1
1326,2017-10,4,0,0,0,1
1327,2017-10,4,0,0,0,1
1328,2017-10,4,0,0,0,1
1329,2017-10,4,1,0,0,1
1330,2017-10,4,0,0,0,1
1331,2017-10,4,0,0,0,1
1332,2017-10,4,0,0,0,1
1333,2017-10,4,0,0,0,1
1334,2017-10,4,0,0,0,1
1335,2017-10,4,0,0,0,1
1336,2017-10,4,0,0,0,1
1337,2017-10,4,0,0,0,1
1338,2017-10,4,0,0,0,1
1339,2017-10,4,0,0,0,1
1340,2017-10,4,0,0,0,1
1341,2017-10,4,0,0,0,1
1342,2017-10,4,0,0,0,1
1343,2017-10,4,0,0,0,1
1344,2017-10,4,0,0,0,1
1345,2017-10,4,0,0,0,1
1346,2017-10,4,0,0,0,1
1347,2017-10,4,0,0,0,01
1348,2017-10,4,0,0,0,1
1349,2017-10,4,0,0,0,1
1350,2017-10,4,0,0,0,1
1351,2017-10,4,0,0,0,1
1352,2017-10,4,0,0,0,1
1353,2017-10,4,0,0,0,1
1354,2017-10,4,0,0,0,1
1355,2017-10,4,0,0,0,1
1356,2017-10,4,0,0,0,1
1357,2017-10,4,0,0,0,1
1358,2017-10,4,0,0,0,1
1359,2017-10,4,0,0,0,1
1360,2017-10,4,0,0,0,1
1361,2017-10,4,0,0,0,1
1362,2017-10,4,0,0,0,1
1363,2017-10,4,0,0,0,1
1364,2017-10,4,0,0,0,1
1365,2017-10,4,0,0,0,1
1366,2017-10,4,0,0,0,1
1367,2017-10,4,0,0,0,1
1368,2017-10,4,0,0,0,1
1369,2017-10,4,0,0,0,1
1370,2017-10,4,0,0,0,1
1371,2017-10,4,1,0,0,1
1372,2017-10,4,0,0,0,1
1373,2017-10,4,0,0,0,1
1374,2017-10,4,0,0,0,1
1375,2017-10,4,1,0,0,1
1376,2017-10,4,0,0,0,1
1377,2017-10,4,0,0,0,1
1378,2017-10,4,0,0,0,1
1379,2017-10,4,0,0,0,1
1380,2017-10,4,0,0,0,1
1381,2017-10,4,0,0,0,1
1382,2017-10,4,1,0,0,1
1383,2017-10,4,0,0,0,1
1384,2017-10,4,0,0,0,1
1385,2017-10,4,1,0,0,1
1386,2017-10,4,0,0,0,00000
1387,2017-10,4,0,0,0,1
1388,2017-10,4,0,0,0,1
1389,2017-10,4,0,0,0,1
1390,2017-10,4,0,0,0,1
1391,2017-10,4,0,0,0,1
1392,2017-10,4,0,0,0,1
1393,2017-10,4,0,0,0,1
1394,2017-10,4,0,0,0,1
1395,2017-10,4,0,0,0,1
1396,2017-10,4,1,0,0,1
1397,2017-10,4,0,0,0,1
1398,2017-10,4,0,0,0,1
1399,2017-10,4,0,0,0,1
1400,2017-10,4,0,0,0,1
1401,2017-10,4,0,0,0,1
1402,2017-10,4,0,0,0,1
1403,2017-10,4,0,0,0,1
1404,2017-10,4,0,0,0,1
1405,2017-10,4,0,0,0,1
1406,2017-10,4,0,0,0,1
1407,2017-10,4,0,0,0,1
1408,2017-10,4,0,0,0,1
1409,2017-10,4,0,0,0,1
1410,2017-10,4,0,0,0,1
1411,2017-10,4,0,0,0,1
1412,2017-10,4,0,0,0,1
1413,2017-10,4,0,0,0,1
1414,2017-10,4,1,0,0,1
1415,2017-10,4,1,0,0,1
1416,2017-10,4,1,0,0,1
1417,2017-10,4,0,0,0,1
1418,2017-10,4,0,0,0,1
1419,2017-10,4,0,0,0,1
1420,2017-10,4,0,0,0,1
1421,2017-10,4,0,0,0,1
1422,2017-10,4,0,0,0,1
1423,2017-10,4,0,0,0,1
1424,2017-10,4,0,0,0,1
1425,2017-10,4,0,0,0,1
1426,2017-10,4,0,0,0,1
1427,2017-10,4,0,0,0,1
1428,2017-10,4,0,0,0,1
1429,2017-10,4,0,0,0,1
1430,2017-10,4,0,0,0,1
1431,2017-10,4,0,0,0,1
1432,2017-10,4,0,0,0,1
1433,2017-10,4,0,0,0,1
1434,2017-10,4,0,0,0,1
1435,2017-10,4,0,0,0,1
1436,2017-10,4,0,0,0,1
1437,2017-10,4,0,0,0,1
1438,2017-10,4,0,0,0,1
1439,2017-10,4,0,0,0,1
1440,2017-10,4,0,0,0,1
1441,2017-10,4,0,0,0,1
1442,2017-10,4,1,0,0,1
1443,2017-10,4,1,0,0,1
1444,2017-10,4,0,0,0,1
1445,2017-10,4,0,0,0,1
1446,2017-10,4,0,0,0,1
1447,2017-10,4,0,0,0,1
1448,2017-10,4,0,0,0,1
1449,2017-10,4,0,0,0,1
1450,2017-10,4,0,0,0,1
1451,2017-10,4,0,0,0,1
1452,2017-10,4,0,0,0,1
1453,2017-10,4,0,0,0,1
1454,2017-10,4,0,0,0,1
1455,2017-10,4,0,0,0,1
1456,2017-10,4,0,0,0,1
1457,2017-10,4,0,0,0,1
1458,2017-10,4,0,0,0,1
1459,2017-10,4,1,0,0,1
1460,2017-10,4,1,0,0,1
1461,2017-10,4,0,0,0,1
1462,2017-10,4,0,0,0,1
1463,2017-10,4,0,0,0,1
1464,2017-10,4,0,0,0,1
1465,2017-10,4,0,0,0,1
1466,2017-10,4,0,0,0,1
1467,2017-10,4,0,0,0,1
1468,2017-10,4,0,0,0,1
1469,2017-10,4,0,0,0,1
1470,2017-10,4,0,0,0,1
1471,2017-10,4,0,0,0,1
1472,2017-10,4,0,0,0,1
1473,2017-10,4,1,0,0,1
1474,2017-10,4,0,0,0,1
1475,2017-10,4,0,0,0,1
1476,2017-10,4,1,0,0,1
1477,2017-10,4,1,0,0,1
1478,2017-10,4,0,0,0,1
1479,2017-10,4,0,0,0,1
1480,2017-10,4,0,0,0,1
1481,2017-10,4,0,0,0,1
1482,2017-10,4,0,0,0,1
1483,2017-10,4,0,0,0,1
1484,2017-10,4,1,0,0,1
1485,2017-10,4,0,0,0,1
1486,2017-10,4,0,0,0,1
1487,2017-10,4,1,0,0,1
1488,2017-10,4,0,0,0,1
1489,2017-10,4,1,0,0,1
1490,2017-10,4,0,0,0,1
1491,2017-10,4,0,0,0,1
1492,2017-10,4,0,0,0,1
1493,2017-10,4,0,0,0,1
1494,2017-10,4,0,0,0,1
1495,2017-10,4,0,0,0,1
1496,2017-10,4,0,0,0,1
1497,2017-10,4,0,0,0,1
1498,2017-10,4,0,0,0,1
1499,2017-10,4,0,0,0,1
1500,2017-10,4,0,0,0,1
1501,2017-10,4,0,0,0,1
1502,2017-10,4,0,0,0,1
1503,2017-10,4,0,0,0,1
1504,2017-10,4,0,0,0,1
1505,2017-10,4,0,0,0,1
1506,2017-10,4,0,0,0,1
1507,2017-10,4,0,0,0,1
1508,2017-10,4,0,0,0,1
1509,2017-10,4,0,0,0,1
1510,2017-10,4,0,0,0,1
1511,2017-10,4,0,0,0,1
1512,2017-10,4,0,0,0,1
1513,2017-10,4,0,0,0,1
1514,2017-10,4,0,0,0,1
1515,2017-10,4,0,0,0,1
1516,2017-10,4,1,0,0,1
1517,2017-10,4,0,0,0,1
1518,2017-10,4,0,0,0,1
1519,2017-10,4,0,0,0,1
1520,2017-10,4,0,0,0,1
1521,2017-10,4,0,0,0,1
1522,2017-10,4,0,0,0,00000
1523,2017-10,4,0,0,0,1
1524,2017-10,4,0,0,0,1
1525,2017-10,4,0,0,0,1
1526,2017-10,4,0,0,0,1
1527,2017-10,4,1,0,0,1
1528,2017-10,4,1,0,0,1
1529,2017-10,4,0,0,0,1
1530,2017-10,4,0,0,0,1
1531,2017-10,4,0,0,0,1
1532,2017-10,4,0,0,0,1
1533,2017-10,4,1,0,0,1
1534,2017-10,4,0,0,0,1
1535,2017-10,4,0,0,0,1
1536,2017-10,4,1,0,0,1
1537,2017-10,4,0,0,0,1
1538,2017-10,4,0,0,0,1
1539,2017-10,4,0,0,0,1
1540,2017-10,4,0,0,0,1
1541,2017-10,4,0,0,0,1
1542,2017-10,4,0,0,0,1
1543,2017-10,4,0,0,0,1
1544,2017-10,4,0,0,0,1
1545,2017-10,4,0,0,0,1
1546,2017-10,4,0,0,0,1
1547,2017-10,4,0,0,0,1
1548,2017-10,4,0,0,0,1
1549,2017-10,4,0,0,0,1
1550,2017-10,4,0,0,0,1
1551,2017-10,4,0,0,0,1
1552,2017-10,4,0,0,0,1
1553,2017-10,4,0,0,0,1
1554,2017-10,4,0,0,0,1
1555,2017-10,4,0,0,0,1
1556,2017-10,4,0,0,0,1
1557,2017-10,4,0,0,0,1
1558,2017-10,4,0,0,0,1
1559,2017-10,4,0,0,0,1
1560,2017-10,4,0,0,0,1
1561,2017-10,4,0,0,0,1
1562,2017-10,4,0,0,0,1
1563,2017-10,4,0,0,0,1
1564,2017-10,4,0,0,0,1
1565,2017-10,4,0,0,0,1
1566,2017-10,4,0,0,0,1
1567,2017-10,4,0,0,0,1
1568,2017-10,4,0,0,0,1
1569,2017-10,4,0,0,0,01
1570,2017-10,4,0,0,0,1
1571,2017-10,4,0,0,0,1
1572,2017-10,4,0,0,0,1
1573,2017-10,4,0,0,0,1
1574,2017-10,4,0,0,0,1
1575,2017-10,4,0,0,0,1
1576,2017-10,4,0,0,0,1
1577,2017-10,4,0,0,0,1
1578,2017-10,4,0,0,0,1
1579,2017-10,4,0,0,0,1
1580,2017-10,4,0,0,0,1
1581,2017-10,4,0,0,0,1
1582,2017-10,4,0,0,0,1
1583,2017-10,4,0,0,0,1
1584,2017-10,4,0,0,0,1
1585,2017-10,4,1,0,0,1
1586,2017-10,4,1,0,0,1
1587,2017-10,4,1,0,0,1
1588,2017-10,4,0,0,0,1
1589,2017-10,4,1,0,0,1
1590,2017-10,4,1,0,0,1
1591,2017-10,4,0,0,0,1
1592,2017-10,4,0,0,0,1
1593,2017-10,4,1,0,0,1
1594,2017-10,4,0,0,0,1
1595,2017-10,4,0,0,0,1
1596,2017-10,4,0,0,0,1
1597,2017-10,4,0,0,0,1
1598,2017-10,4,0,0,0,1
1599,2017-10,4,0,0,0,1
1600,2017-10,4,0,0,0,1
1601,2017-10,4,0,0,0,1
1602,2017-10,4,0,0,0,1
1603,2017-10,4,0,0,0,1
1604,2017-10,4,0,0,0,1
1605,2017-10,4,0,0,0,1
1606,2017-10,4,0,0,0,1
1607,2017-10,4,0,0,0,1
1608,2017-10,4,0,0,0,1
1609,2017-10,4,0,0,0,1
1610,2017-10,4,0,0,0,1
1611,2017-10,4,0,0,0,1
1612,2017-10,4,0,0,0,1
1613,2017-10,4,0,0,0,1
1614,2017-10,4,0,0,0,1
1615,2017-10,4,0,0,0,1
1616,2017-10,4,0,0,0,1
1617,2017-10,4,0,0,0,1
1618,2017-10,4,0,0,0,1
1619,2017-10,4,0,0,0,1
1620,2017-10,4,0,0,0,1
1621,2017-10,4,0,0,0,1
1622,2017-10,4,0,0,0,1
1623,2017-10,4,0,0,0,1
1624,2017-10,4,0,0,0,1
1625,2017-10,4,0,0,0,1
1626,2017-10,4,0,0,0,1
1627,2017-10,4,1,0,0,1
1628,2017-10,4,0,0,0,1
1629,2017-10,4,0,0,0,1
1630,2017-10,4,0,0,0,1
1631,2017-10,4,0,0,0,1
1632,2017-10,4,0,0,0,1
1633,2017-10,4,0,0,0,1
1634,2017-10,4,0,0,0,1
1635,2017-10,4,0,0,0,1
1636,2017-10,4,0,0,0,1
1637,2017-10,4,0,0,0,1
1638,2017-10,4,0,0,0,1
1639,2017-10,4,0,0,0,1
1640,2017-10,4,0,0,0,1
1641,2017-10,4,0,0,0,1
1642,2017-10,4,0,0,0,1
1643,2017-10,4,0,0,0,1
1644,2017-10,4,0,0,0,1
1645,2017-10,4,0,0,0,1
1646,2017-10,4,0,0,0,1
1647,2017-10,4,0,0,0,1
1648,2017-10,4,0,0,0,1
1649,2017-10,4,0,0,0,1
1650,2017-10,4,0,0,0,1
1651,2017-10,4,0,0,0,1
1652,2017-10,4,1,0,0,1
1653,2017-10,4,0,0,0,00000
1654,2017-10,4,0,0,0,1
1655,2017-10,4,1,0,0,1
1656,2017-10,4,0,0,0,1
1657,2017-10,4,0,0,0,1
1658,2017-10,4,0,0,0,1
1659,2017-10,4,0,0,0,1
1660,2017-10,4,0,0,0,1
1661,2017-10,4,1,0,0,1
1662,2017-10,4,0,0,0,1
1663,2017-10,4,0,0,0,1
1664,2017-10,4,0,0,0,1
1665,2017-10,4,0,0,0,1
1666,2017-10,4,0,0,0,1
1667,2017-10,4,0,0,0,1
1668,2017-10,4,0,0,0,1
1669,2017-10,4,0,0,0,1
1670,2017-10,4,0,0,0,1
1671,2017-10,4,0,0,0,1
1672,2017-10,4,1,0,0,1
1673,2017-10,4,0,0,0,1
1674,2017-10,4,0,0,0,1
1675,2017-10,4,0,0,0,1
1676,2017-10,4,0,0,0,1
1677,2017-10,4,0,0,0,1
1678,2017-10,4,0,0,0,1
1679,2017-10,4,0,0,0,1
1680,2017-10,4,0,0,0,1
1681,2017-10,4,0,0,0,1
1682,2017-10,4,0,0,0,1
1683,2017-10,4,1,0,0,1
1684,2017-10,4,0,0,0,1
1685,2017-10,4,0,0,0,1
1686,2017-10,4,0,0,0,1
1687,2017-10,4,0,0,0,1
1688,2017-10,4,0,0,0,1
1689,2017-10,4,0,0,0,1
1690,2017-10,4,0,0,0,1
1691,2017-10,4,0,0,0,1
1692,2017-10,4,0,0,0,1
1693,2017-10,4,0,0,0,1
1694,2017-10,4,0,0,0,1
1695,2017-10,4,0,0,0,1
1696,2017-10,4,0,0,0,1
1697,2017-10,4,0,0,0,1
1698,2017-10,4,0,0,0,1
1699,2017-10,4,0,0,0,1
1700,2017-10,4,0,0,0,01
1701,2017-10,4,0,0,0,1
1702,2017-10,4,0,0,0,1
1703,2017-10,4,0,0,0,1
1704,2017-10,4,0,0,0,1
1705,2017-10,4,0,0,0,1
1706,2017-10,4,0,0,0,1
1707,2017-10,4,0,0,0,1
1708,2017-10,4,0,0,0,1
1709,2017-10,4,0,0,0,1
1710,2017-10,4,0,0,0,1
1711,2017-10,4,0,0,0,1
1712,2017-10,4,0,0,0,1
1713,2017-10,4,0,0,0,1
1714,2017-10,4,0,0,0,1
1715,2017-10,4,0,0,0,1
1716,2017-10,4,0,0,0,1
1717,2017-10,4,0,0,0,1
1718,2017-10,4,0,0,0,1
1719,2017-10,4,0,0,0,1
1720,2017-10,4,0,0,0,1
1721,2017-10,4,0,0,0,1
1722,2017-10,4,0,0,0,1
1723,2017-10,4,0,0,0,1
1724,2017-10,4,0,0,0,1
1725,2017-10,4,0,0,0,1
1726,2017-10,4,0,0,0,1
1727,2017-10,4,0,0,0,1
1728,2017-10,4,0,0,0,00000
1729,2017-10,4,0,0,0,1
1730,2017-10,4,0,0,0,1
1731,2017-10,4,0,0,0,1
1732,2017-10,4,0,0,0,1
1733,2017-10,4,0,0,0,1
1734,2017-10,4,0,0,0,1
1735,2017-10,4,1,0,0,1
1736,2017-10,4,1,0,0,1
1737,2017-10,4,0,0,0,1
1738,2017-10,4,1,0,0,1
1739,2017-10,4,0,0,0,1
1740,2017-10,4,0,0,0,1
1741,2017-10,4,0,0,0,1
1742,2017-10,4,0,0,0,1
1743,2017-10,4,0,0,0,1
1744,2017-10,4,0,0,0,1
1745,2017-10,4,0,0,0,1
1746,2017-10,4,0,0,0,1
1747,2017-10,4,0,0,0,1
1748,2017-10,4,0,0,0,1
1749,2017-10,4,0,0,0,1
1750,2017-10,4,0,0,0,1
1751,2017-10,4,0,0,0,1
1752,2017-10,4,0,0,0,1
1753,2017-10,4,0,0,0,1
1754,2017-10,4,0,0,0,1
1755,2017-10,4,0,0,0,1
1756,2017-10,4,0,0,0,1
1757,2017-10,4,0,0,0,1
1758,2017-10,4,0,0,0,1
1759,2017-10,4,0,0,0,1
1760,2017-10,4,0,0,0,1
1761,2017-10,4,0,0,0,1
1762,2017-10,4,1,0,0,1
1763,2017-10,4,0,0,0,1
1764,2017-10,4,0,0,0,1
1765,2017-10,4,0,0,0,1
1766,2017-10,4,0,0,0,1
1767,2017-10,4,0,0,0,1
1768,2017-10,4,0,0,0,1
1769,2017-10,4,0,0,0,1
1770,2017-10,4,0,0,0,1
1771,2017-10,4,0,0,0,1
1772,2017-10,4,0,0,0,1
1773,2017-10,4,0,0,0,1
1774,2017-10,4,0,0,0,1
1775,2017-10,4,0,0,0,1
1776,2017-10,4,0,0,0,1
1777,2017-10,4,1,0,0,1
1778,2017-10,4,0,0,0,1
1779,2017-10,4,0,0,0,1
1780,2017-10,4,0,0,0,1
1781,2017-10,4,0,0,0,1
1782,2017-10,4,0,0,0,1
1783,2017-10,4,0,0,0,1
1784,2017-10,4,0,0,0,1
1785,2017-10,4,0,0,0,1
1786,2017-10,4,0,0,0,1
1787,2017-10,4,0,0,0,01
1788,2017-10,4,0,0,0,1
1789,2017-10,4,0,0,0,1
1790,2017-10,4,0,0,0,1
1791,2017-10,4,0,0,0,1
1792,2017-10,4,1,0,0,1
1793,2017-10,4,0,0,0,1
1794,2017-10,4,0,0,0,1
1795,2017-10,4,0,0,0,1
1796,2017-10,4,0,0,0,1
1797,2017-10,4,0,0,0,1
1798,2017-10,4,0,0,0,1
1799,2017-10,4,0,0,0,1
1800,2017-10,4,0,0,0,1
1801,2017-10,4,1,0,0,1
1802,2017-10,4,0,0,0,1
1803,2017-10,4,0,0,0,1
1804,2017-10,4,0,0,0,1
1805,2017-10,4,0,0,0,1
1806,2017-10,4,0,0,0,1
1807,2017-10,4,0,0,0,1
1808,2017-10,4,0,0,0,1
1809,2017-10,4,0,0,0,1
1810,2017-10,4,0,0,0,1
1811,2017-10,4,0,0,0,1
1812,2017-10,4,0,0,0,1
1813,2017-10,4,0,0,0,1
1814,2017-10,4,0,0,0,1
1815,2017-10,4,0,0,0,1
1816,2017-10,4,0,0,0,1
1817,2017-10,4,0,0,0,1
1818,2017-10,4,0,0,0,1
1819,2017-10,4,0,0,0,1
1820,2017-10,4,0,0,0,1
1821,2017-10,4,0,0,0,1
1822,2017-10,4,0,0,0,1
1823,2017-10,4,0,0,0,1
1824,2017-10,4,0,0,0,1
1825,2017-10,4,0,0,0,1
1826,2017-10,4,0,0,0,1
1827,2017-10,4,0,0,0,1
1828,2017-10,4,0,0,0,1
1829,2017-10,4,0,0,0,1
1830,2017-10,4,0,0,0,1
1831,2017-10,4,0,0,0,1
1832,2017-10,4,1,0,0,1
1833,2017-10,4,0,0,0,1
1834,2017-10,4,0,0,0,1
1835,2017-10,4,0,0,0,1
1836,2017-10,4,0,0,0,1
1837,2017-10,4,0,0,0,00000
1838,2017-10,4,0,0,0,1
1839,2017-10,4,0,0,0,1
1840,2017-10,4,0,0,0,1
1841,2017-10,4,0,0,0,1
1842,2017-10,4,0,0,0,1
1843,2017-10,4,0,0,0,1
1844,2017-10,4,0,0,0,1
1845,2017-10,4,0,0,0,1
1846,2017-10,4,0,0,0,1
1847,2017-10,4,0,0,0,1
1848,2017-10,4,0,0,0,1
1849,2017-10,4,0,0,0,1
1850,2017-10,4,0,0,0,1
1851,2017-10,4,0,0,0,1
1852,2017-10,4,0,0,0,1
1853,2017-10,4,0,0,0,1
1854,2017-10,4,0,0,0,1
1855,2017-10,4,0,0,0,1
1856,2017-10,4,1,0,0,1
1857,2017-10,4,0,0,0,1
1858,2017-10,4,0,0,0,1
1859,2017-10,4,0,0,0,1
1860,2017-10,4,0,0,0,1
1861,2017-10,4,0,0,0,1
1862,2017-10,4,0,0,0,1
1863,2017-10,4,0,0,0,1
1864,2017-10,4,0,0,0,1
1865,2017-10,4,0,0,0,1
1866,2017-10,4,0,0,0,1
1867,2017-10,4,0,0,0,1
1868,2017-10,4,0,0,0,1
1869,2017-10,4,0,0,0,1
1870,2017-10,4,0,0,0,1
1871,2017-10,4,0,0,0,1
1872,2017-10,4,0,0,0,1
1873,2017-10,4,0,0,0,1
1874,2017-10,4,0,0,0,1
1875,2017-10,4,0,0,0,1
1876,2017-10,4,0,0,0,1
1877,2017-10,4,0,0,0,1
1878,2017-10,4,0,0,0,1
1879,2017-10,4,0,0,0,1
1880,2017-10,4,1,0,0,1
1881,2017-10,4,0,0,0,1
1882,2017-10,4,0,0,0,1
1883,2017-10,4,0,0,0,1
1884,2017-10,4,0,0,0,1
1885,2017-10,4,1,0,0,1
1886,2017-10,4,0,0,0,1
1887,2017-10,4,0,0,0,1
1888,2017-10,4,0,0,0,1
1889,2017-10,4,0,0,0,1
1890,2017-10,4,0,0,0,1
1891,2017-10,4,0,0,0,1
1892,2017-10,4,0,0,0,1
1893,2017-10,4,0,0,0,1
1894,2017-10,4,0,0,0,1
1895,2017-10,4,0,0,0,1
1896,2017-10,4,0,0,0,1
1897,2017-10,4,0,0,0,1
1898,2017-10,4,0,0,0,1
1899,2017-10,4,0,0,0,1
1900,2017-10,4,0,0,0,1
1901,2017-10,4,0,0,0,1
1902,2017-10,4,0,0,0,1
1903,2017-10,4,0,0,0,1
1904,2017-10,4,0,0,0,1
1905,2017-10,4,0,0,0,1
1906,2017-10,4,0,0,0,1
1907,2017-10,4,0,0,0,1
1908,2017-10,4,0,0,0,1
1909,2017-10,4,0,0,0,1
1910,2017-10,4,0,0,0,1
1911,2017-10,4,0,0,0,1
1912,2017-10,4,0,0,0,1
1913,2017-10,4,0,0,0,1
1914,2017-10,4,0,0,0,1
1915,2017-10,4,1,0,0,1
1916,2017-10,4,0,0,0,1
1917,2017-10,4,0,0,0,1
1918,2017-10,4,0,0,0,1
1919,2017-10,4,0,0,0,1
1920,2017-10,4,0,0,0,1
1921,2017-10,4,0,0,0,1
1922,2017-10,4,0,0,0,1
1923,2017-10,4,0,0,0,1
1924,2017-10,4,0,0,0,1
1925,2017-10,4,0,0,0,1
1926,2017-10,4,0,0,0,1
1927,2017-10,4,0,0,0,1
1928,2017-10,4,0,0,0,1
1929,2017-10,4,0,0,0,1
1930,2017-10,4,0,0,0,00000
1931,2017-10,4,0,0,0,1
1932,2017-10,4,0,0,0,1
1933,2017-10,4,0,0,0,1
1934,2017-10,4,0,0,0,1
1935,2017-10,4,0,0,0,1
1936,2017-10,4,0,0,0,1
1937,2017-10,4,0,0,0,1
1938,2017-10,4,0,0,0,1
1939,2017-10,4,0,0,0,1
1940,2017-10,4,0,0,0,1
1941,2017-10,4,0,0,0,1
1942,2017-10,4,0,0,0,1
1943,2017-10,4,0,0,0,1
1944,2017-10,4,0,0,0,1
1945,2017-10,4,0,0,0,1
1946,2017-10,4,0,0,0,1
1947,2017-10,4,0,0,0,1
1948,2017-10,4,0,0,0,1
1949,2017-10,4,0,0,0,1
1950,2017-10,4,0,0,0,1
1951,2017-10,4,0,0,0,1
1952,2017-10,4,0,0,0,1
1953,2017-10,4,0,0,0,1
1954,2017-10,4,0,0,0,1
1955,2017-10,4,0,0,0,1
1956,2017-10,4,0,0,0,1
1957,2017-10,4,0,0,0,1
1958,2017-10,4,1,0,0,1
1959,2017-10,4,0,0,0,1
1960,2017-10,4,0,0,0,1
1961,2017-10,4,0,0,0,1
1962,2017-10,4,0,0,0,1
1963,2017-10,4,0,0,0,1
1964,2017-10,4,0,0,0,1
1965,2017-10,4,0,0,0,1
1966,2017-10,4,0,0,0,1
1967,2017-10,4,0,0,0,1
1968,2017-10,4,0,0,0,1
1969,2017-10,4,0,0,0,1
1970,2017-10,4,0,0,0,1
1971,2017-10,4,0,0,0,1
1972,2017-10,4,0,0,0,1
1973,2017-10,4,0,0,0,1
1974,2017-10,4,0,0,0,1
1975,2017-10,4,0,0,0,1
1976,2017-10,4,0,0,0,1
1977,2017-10,4,0,0,0,1
1978,2017-10,4,0,0,0,1
1979,2017-10,4,0,0,0,1
1980,2017-10,4,0,0,0,1
1981,2017-10,4,0,0,0,1
1982,2017-10,4,0,0,0,1
1983,2017-10,4,0,0,0,1
1984,2017-10,4,0,0,0,1
1985,2017-10,4,0,0,0,1
1986,2017-10,4,0,0,0,1
1987,2017-10,4,0,0,0,1
1988,2017-10,4,0,0,0,1
1989,2017-10,4,0,0,0,1
1990,2017-10,4,0,0,0,1
1991,2017-10,4,0,0,0,1
1992,2017-10,4,0,0,0,1
1993,2017-10,4,0,0,0,1
1994,2017-10,4,0,0,0,1
1995,2017-10,4,0,0,0,1
1996,2017-10,4,0,0,0,1
1997,2017-10,4,0,0,0,1
1998,2017-10,4,0,0,0,1
1999,2017-10,4,0,0,0,1
2000,2017-10,4,0,0,0,1
2001,2017-10,4,0,0,0,1
2002,2017-10,4,0,0,0,1
2003,2017-10,4,0,0,0,1
2004,2017-10,4,0,0,0,1
2005,2017-10,4,0,0,0,1
2006,2017-10,4,0,0,0,1
2007,2017-10,4,1,0,0,1
2008,2017-10,4,0,0,0,1
2009,2017-10,4,0,0,0,1
2010,2017-10,4,0,0,0,1
2011,2017-10,4,0,0,0,1
2012,2017-10,4,0,0,0,1
2013,2017-10,4,0,0,0,1
2014,2017-10,4,0,0,0,1
2015,2017-10,4,1,0,0,1
2016,2017-10,4,0,0,0,1
2017,2017-10,4,0,0,0,1
2018,2017-10,4,0,0,0,1
2019,2017-10,4,0,0,0,1
2020,2017-10,4,0,0,0,1
2021,2017-10,4,0,0,0,1
2022,2017-10,4,0,0,0,1
2023,2017-10,4,0,0,0,1
2024,2017-10,4,0,0,0,1
2025,2017-10,4,0,0,0,1
2026,2017-10,4,0,0,0,1
2027,2017-10,4,0,0,0,1
2028,2017-10,4,0,0,0,1
2029,2017-10,4,0,0,0,1
2030,2017-10,4,0,0,0,1
2031,2017-10,4,0,0,0,1
2032,2017-10,4,0,0,0,1
2033,2017-10,4,0,0,0,1
2034,2017-10,4,0,0,0,1
2035,2017-10,4,0,0,0,1
2036,2017-10,4,0,0,0,1
2037,2017-10,4,0,0,0,1
2038,2017-10,4,0,0,0,1
2039,2017-10,4,0,0,0,1
2040,2017-10,4,0,0,0,1
2041,2017-10,4,0,0,0,1
2042,2017-10,4,0,0,0,1
2043,2017-10,4,0,0,0,1
2044,2017-10,4,0,0,0,1
2045,2017-10,4,0,0,0,1
2046,2017-10,4,0,0,0,1
2047,2017-10,4,0,0,0,1
2048,2017-10,4,0,0,0,1
2049,2017-10,4,0,0,0,1
2050,2017-10,4,0,0,0,1
2051,2017-10,4,0,0,0,1
2052,2017-10,4,0,0,0,00000
2053,2017-10,4,0,0,0,1
2054,2017-10,4,1,0,0,1
2055,2017-10,4,0,0,0,1
2056,2017-10,4,0,0,0,1
2057,2017-10,4,0,0,0,1
2058,2017-10,4,0,0,0,1
2059,2017-10,4,0,0,0,1
2060,2017-10,4,0,0,0,1
2061,2017-10,4,0,0,0,1
2062,2017-10,4,0,0,0,1
2063,2017-10,4,0,0,0,1
2064,2017-10,4,0,0,0,1
2065,2017-10,4,0,0,0,1
2066,2017-10,4,0,0,0,1
2067,2017-10,4,0,0,0,1
2068,2017-10,4,0,0,0,1
2069,2017-10,4,0,0,0,1
2070,2017-10,4,0,0,0,1
2071,2017-10,4,0,0,0,1
2072,2017-10,4,0,0,0,1
2073,2017-10,4,0,0,0,1
2074,2017-10,4,0,0,0,1
2075,2017-10,4,0,0,0,1
2076,2017-10,4,0,0,0,1
2077,2017-10,4,0,0,0,1
2078,2017-10,4,0,0,0,1
2079,2017-10,4,0,0,0,1
2080,2017-10,4,0,0,0,1
2081,2017-10,4,0,0,0,1
2082,2017-10,4,0,0,0,1
2083,2017-10,4,0,0,0,1
2084,2017-10,4,0,0,0,1
2085,2017-10,4,0,0,0,1
2086,2017-10,4,0,0,0,1
2087,2017-10,4,0,0,0,1
2088,2017-10,4,0,0,0,1
2089,2017-10,4,0,0,0,00000
2090,2017-10,4,0,0,0,1
2091,2017-10,4,0,0,0,1
2092,2017-10,4,0,0,0,1
2093,2017-10,4,0,0,0,1
2094,2017-10,4,0,0,0,1
2095,2017-10,4,0,0,0,1
2096,2017-10,4,1,0,0,1
2097,2017-10,4,0,0,0,1
2098,2017-10,4,0,0,0,1
2099,2017-10,4,0,0,0,1
2100,2017-10,4,0,0,0,1
2101,2017-10,4,0,0,0,1
2102,2017-10,4,0,0,0,1
2103,2017-10,4,0,0,0,1
2104,2017-10,4,0,0,0,1
2105,2017-10,4,0,0,0,1
2106,2017-10,4,0,0,0,1
2107,2017-10,4,0,0,0,1
2108,2017-10,4,0,0,0,1
2109,2017-10,4,0,0,0,1
2110,2017-10,4,0,0,0,1
2111,2017-10,4,1,0,0,1
2112,2017-10,4,0,0,0,1
2113,2017-10,4,0,0,0,1
2114,2017-10,4,1,0,0,1
2115,2017-10,4,0,0,0,1
2116,2017-10,4,0,0,0,1
2117,2017-10,4,0,0,0,1
2118,2017-10,4,0,0,0,1
2119,2017-10,4,0,0,0,1
2120,2017-10,4,0,0,0,1
2121,2017-10,4,0,0,0,1
2122,2017-10,4,0,0,0,1
2123,2017-10,4,0,0,0,1
2124,2017-10,4,0,0,0,1
2125,2017-10,4,0,0,0,1
2126,2017-10,4,0,0,0,1
2127,2017-10,4,0,0,0,1
2128,2017-10,4,0,0,0,1
2129,2017-10,4,0,0,0,1
2130,2017-10,4,0,0,0,1
2131,2017-10,4,0,0,0,1
2132,2017-10,4,0,0,0,1
2133,2017-10,4,0,0,0,1
2134,2017-10,4,0,0,0,1
2135,2017-10,4,0,0,0,1
2136,2017-10,4,0,0,0,1
2137,2017-10,4,0,0,0,1
2138,2017-10,4,0,0,0,1
2139,2017-10,4,0,0,0,1
2140,2017-10,4,0,0,0,1
2141,2017-10,4,1,0,0,1
2142,2017-10,4,0,0,0,1
2143,2017-10,4,0,0,0,1
2144,2017-10,4,0,0,0,1
2145,2017-10,4,0,0,0,1
2146,2017-10,4,0,0,0,1
2147,2017-10,4,0,0,0,1
2148,2017-10,4,0,0,0,1
2149,2017-10,4,0,0,0,1
2150,2017-10,4,0,0,0,1
2151,2017-10,4,0,0,0,1
2152,2017-10,4,0,0,0,1
2153,2017-10,4,0,0,0,1
2154,2017-10,4,0,0,0,1
2155,2017-10,4,0,0,0,1
2156,2017-10,4,0,0,0,01
2157,2017-10,4,0,0,0,1
2158,2017-10,4,0,0,0,1
2159,2017-10,4,0,0,0,1
2160,2017-10,4,0,0,0,1
2161,2017-10,4,0,0,0,1
2162,2017-10,4,0,0,0,1
2163,2017-10,4,0,0,0,01
2164,2017-10,4,0,0,0,1
2165,2017-10,4,0,0,0,1
2166,2017-10,4,0,0,0,1
2167,2017-10,4,0,0,0,1
2168,2017-10,4,0,0,0,1
2169,2017-10,4,0,0,0,1
2170,2017-10,4,0,0,0,1
2171,2017-10,4,0,0,0,1
2172,2017-10,4,0,0,0,1
2173,2017-10,4,0,0,0,1
2174,2017-10,4,0,0,0,1
2175,2017-10,4,0,0,0,1
2176,2017-10,4,0,0,0,1
2177,2017-10,4,0,0,0,1
2178,2017-10,4,0,0,0,1
2179,2017-10,4,0,0,0,1
2180,2017-10,4,0,0,0,01
2181,2017-10,4,0,0,0,1
2182,2017-10,4,0,0,0,1
2183,2017-10,4,0,0,0,1
2184,2017-10,4,0,0,0,1
2185,2017-10,4,0,0,0,1
2186,2017-10,4,0,0,0,1
2187,2017-10,4,0,0,0,1
2188,2017-10,4,0,0,0,1
2189,2017-10,4,0,0,0,1
2190,2017-10,4,0,0,0,1
2191,2017-10,4,0,0,0,1
2192,2017-10,4,0,0,0,1
2193,2017-10,4,0,0,0,1
2194,2017-10,4,0,0,0,1
2195,2017-10,4,0,0,0,1
2196,2017-10,4,0,0,0,1
2197,2017-10,4,0,0,0,1
2198,2017-10,4,0,0,0,1
2199,2017-10,4,0,0,0,1
2200,2017-10,4,0,0,0,1
2201,2017-10,4,0,0,0,1
2202,2017-10,4,0,0,0,1
2203,2017-10,4,0,0,0,1
2204,2017-10,4,0,0,0,1
2205,2017-10,4,0,0,0,1
2206,2017-10,4,0,0,0,1
2207,2017-10,4,0,0,0,1
2208,2017-10,4,0,0,0,1
2209,2017-10,4,0,0,0,1
2210,2017-10,4,0,0,0,1
2211,2017-10,4,0,0,0,1
2212,2017-10,4,0,0,0,1
2213,2017-10,4,0,0,0,1
2214,2017-10,4,0,0,0,1
2215,2017-10,4,0,0,0,1
2216,2017-10,4,0,0,0,1
2217,2017-10,4,0,0,0,1
2218,2017-10,4,0,0,0,1
2219,2017-10,4,0,0,0,1
2220,2017-10,4,0,0,0,1
2221,2017-10,4,0,0,0,1
2222,2017-10,4,0,0,0,1
2223,2017-10,4,0,0,0,1
2224,2017-10,4,0,0,0,1
2225,2017-10,4,0,0,0,1
2226,2017-10,4,0,0,0,1
2227,2017-10,4,0,0,0,1
2228,2017-10,4,0,0,0,1
2229,2017-10,4,0,0,0,01
2230,2017-10,4,0,0,0,1
2231,2017-10,4,0,0,0,1
2232,2017-10,4,0,0,0,1
2233,2017-10,4,0,0,0,1
2234,2017-10,4,0,0,0,1
2235,2017-10,4,0,0,0,1
2236,2017-10,4,0,0,0,1
2237,2017-10,4,0,0,0,01
2238,2017-10,4,0,0,0,1
2239,2017-10,4,0,0,0,1
2240,2017-10,4,0,0,0,1
2241,2017-10,4,0,0,0,1
2242,2017-10,4,0,0,0,1
2243,2017-10,4,0,0,0,1
2244,2017-10,4,0,0,0,1
2245,2017-10,4,0,0,0,1
2246,2017-10,4,0,0,0,01
2247,2017-10,4,0,0,0,1
2248,2017-10,4,0,0,0,1
2249,2017-10,4,0,0,0,1
2250,2017-10,4,0,0,0,1
2251,2017-10,4,0,0,0,1
2252,2017-10,4,0,0,0,1
2253,2017-10,4,0,0,0,1
2254,2017-10,4,0,0,0,0001
2255,2017-10,4,0,0,0,01
2256,2017-10,4,0,0,0,1
2257,2017-10,4,0,0,0,1
2258,2017-10,4,0,0,0,1
2259,2017-10,4,0,0,0,1
2260,2017-10,4,0,0,0,1
2261,2017-10,4,0,0,0,1
2262,2017-10,4,0,0,0,1
2263,2017-10,4,0,0,0,01
2264,2017-10,4,0,0,0,1
2265,2017-10,4,0,0,0,1
2266,2017-10,4,0,0,0,1
2267,2017-10,4,0,0,0,1
2268,2017-10,4,0,0,0,0001
2269,2017-10,4,0,0,0,1
2270,2017-10,4,0,0,0,0001
2271,2017-10,4,0,0,0,1
2272,2017-10,4,0,0,0,0001
2273,2017-10,4,0,0,0,1
2274,2017-10,4,0,0,0,1
2275,2017-10,4,0,0,0,1
2276,2017-10,4,0,0,0,1
2277,2017-10,4,0,0,0,1
2278,2017-10,4,0,0,0,0001
2279,2017-10,4,0,0,0,1
2280,2017-10,4,0,0,0,1
2281,2017-10,4,0,0,0,1
2282,2017-10,4,0,0,0,1
2283,2017-10,4,0,0,0,1
2284,2017-10,4,0,0,0,1
2285,2017-10,4,0,0,0,1
2286,2017-10,4,0,0,0,1
2287,2017-10,4,0,0,0,1
2288,2017-10,4,0,0,0,1
2289,2017-10,4,0,0,0,1
2290,2017-10,4,0,0,0,1
2291,2017-10,4,0,0,0,1
2292,2017-10,4,0,0,0,1
2293,2017-10,4,0,0,0,1
2294,2017-10,4,0,0,0,1
2295,2017-10,4,0,0,0,1
2296,2017-10,4,0,0,0,1
2297,2017-10,4,0,0,0,1
2298,2017-10,4,0,0,0,1
2299,2017-10,4,0,0,0,1
2300,2017-10,4,0,0,0,1
2301,2017-10,4,0,0,0,1
2302,2017-10,4,0,0,0,1
2303,2017-10,4,0,0,0,1
2304,2017-10,4,0,0,0,1
2305,2017-10,4,0,0,0,1
2306,2017-10,4,0,0,0,1
2307,2017-10,4,0,0,0,1
2308,2017-10,4,0,0,0,1
2309,2017-10,4,0,0,0,1
2310,2017-10,4,0,0,0,1
2311,2017-10,4,0,0,0,1
2312,2017-10,4,0,0,0,1
2313,2017-10,4,0,0,0,1
2314,2017-10,4,0,0,0,1
2315,2017-10,4,0,0,0,1
2316,2017-10,4,0,0,0,1
2317,2017-10,4,0,0,0,1
2318,2017-10,4,0,0,0,1
2319,2017-10,4,0,0,0,1
2320,2017-10,4,0,0,0,1
2321,2017-10,4,0,0,0,1
2322,2017-10,4,0,0,0,01
2323,2017-10,4,0,0,0,01
2324,2017-10,4,0,0,0,1
2325,2017-10,4,0,0,0,1
2326,2017-10,4,0,0,0,1
2327,2017-10,4,0,0,0,1
2328,2017-10,4,0,0,0,1
2329,2017-10,4,0,0,0,1
2330,2017-10,4,0,0,0,1
2331,2017-10,4,0,0,0,001
2332,2017-10,4,0,0,0,1
2333,2017-10,4,0,0,0,1
2334,2017-10,4,0,0,0,1
2335,2017-10,4,0,0,0,1
2336,2017-10,4,0,0,0,1
2337,2017-10,4,0,0,0,1
2338,2017-10,4,0,0,0,1
2339,2017-10,4,0,0,0,1
2340,2017-10,4,0,0,0,1
2341,2017-10,4,0,0,0,1
2342,2017-10,4,0,0,0,1
2343,2017-10,4,0,0,0,1
2344,2017-10,4,0,0,0,1
2345,2017-10,4,0,0,0,1
2346,2017-10,4,0,0,0,1
2347,2017-10,4,0,0,0,1
2348,2017-10,4,0,0,0,1
2349,2017-10,4,0,0,0,1
2350,2017-10,4,0,0,0,1
2351,2017-10,4,0,0,0,1
2352,2017-10,4,0,0,0,1
2353,2017-10,4,0,0,0,1
2354,2017-10,4,0,0,0,1
2355,2017-10,4,0,0,0,1
2356,2017-10,4,0,0,0,1
2357,2017-10,4,0,0,0,1
2358,2017-10,4,0,0,0,1
2359,2017-10,4,0,0,0,1
2360,2017-10,4,0,0,0,1
2361,2017-10,4,0,0,0,1
2362,2017-10,4,0,0,0,1
2363,2017-10,4,0,0,0,1
2364,2017-10,4,0,0,0,1
2365,2017-10,4,0,0,0,1
2366,2017-10,4,0,0,0,1
2367,2017-10,4,0,0,0,1
2368,2017-10,4,0,0,0,1
2369,2017-10,4,0,0,0,1
2370,2017-10,4,0,0,0,1
2371,2017-10,4,0,0,0,1
2372,2017-10,4,0,0,0,1
2373,2017-10,4,0,0,0,1
2374,2017-10,4,0,0,0,1
2375,2017-10,4,0,0,0,1
2376,2017-10,4,0,0,0,1
2377,2017-10,4,0,0,0,1
2378,2017-10,4,0,0,0,1
2379,2017-10,4,0,0,0,1
2380,2017-10,4,0,0,0,1
2381,2017-10,4,0,0,0,1
2382,2017-10,4,0,0,0,1
2383,2017-10,4,0,0,0,1
2384,2017-10,4,0,0,0,1
2385,2017-10,4,0,0,0,1
2386,2017-10,4,0,0,0,1
2387,2017-10,4,0,0,0,1
2388,2017-10,4,0,0,0,1
2389,2017-10,4,0,0,0,1
2390,2017-10,4,0,0,0,1
2391,2017-10,4,0,0,0,1
2392,2017-10,4,0,0,0,1
2393,2017-10,4,0,0,0,1
2394,2017-10,4,0,0,0,1
2395,2017-10,4,0,0,0,1
2396,2017-10,4,0,0,0,1
2397,2017-10,4,0,0,0,1
2398,2017-10,4,0,0,0,1
2399,2017-10,4,0,0,0,1
2400,2017-10,4,0,0,0,1
2401,2017-10,4,0,0,0,1
2402,2017-10,4,0,0,0,1
2403,2017-10,4,0,0,0,1
2404,2017-10,4,0,0,0,1
2405,2017-10,4,0,0,0,1
2406,2017-10,4,0,0,0,1
2407,2017-10,4,0,0,0,1
2408,2017-10,4,0,0,0,1
2409,2017-10,4,0,0,0,1
2410,2017-10,4,0,0,0,1
2411,2017-10,4,0,0,0,1
2412,2017-10,4,0,0,0,01
2413,2017-10,4,0,0,0,1
2414,2017-10,4,0,0,0,1
2415,2017-10,4,0,0,0,1
2416,2017-10,4,0,0,0,1
2417,2017-10,4,0,0,0,1
2418,2017-10,4,0,0,0,1
2419,2017-10,4,0,0,0,1
2420,2017-10,4,0,0,0,1
2421,2017-10,4,0,0,0,1
2422,2017-10,4,0,0,0,1
2423,2017-10,4,0,0,0,1
2424,2017-10,4,0,0,0,1
2425,2017-10,4,0,0,0,1
2426,2017-10,4,0,0,0,1
2427,2017-10,4,0,0,0,1
2428,2017-10,4,0,0,0,1
2429,2017-10,4,0,0,0,1
2430,2017-10,4,0,0,0,1
2431,2017-10,4,0,0,0,1
2432,2017-10,4,0,0,0,1
2433,2017-10,4,0,0,0,1
2434,2017-10,4,0,0,0,1
2435,2017-10,4,0,0,0,1
2436,2017-10,4,0,0,0,1
2437,2017-10,4,0,0,0,1
2438,2017-10,4,0,0,0,1
2439,2017-10,4,0,0,0,1
2440,2017-10,4,0,0,0,1
2441,2017-10,4,0,0,0,1
2442,2017-10,4,0,0,0,1
2443,2017-10,4,0,0,0,1
2444,2017-10,4,0,0,0,1
2445,2017-10,4,0,0,0,1
2446,2017-10,4,0,0,0,1
2447,2017-10,4,0,0,0,1
2448,2017-10,4,0,0,0,1
2449,2017-10,4,0,0,0,1
2450,2017-10,4,0,0,0,1
2451,2017-10,4,0,0,0,1
2452,2017-10,4,0,0,0,1
2453,2017-10,4,0,0,0,1
2454,2017-10,4,0,0,0,1
2455,2017-10,4,0,0,0,1
2456,2017-10,4,0,0,0,1
2457,2017-10,4,0,0,0,1
2458,2017-10,4,0,0,0,1
2459,2017-10,4,0,0,0,1
2460,2017-10,4,0,0,0,01
2461,2017-10,4,0,0,0,1
2462,2017-10,4,0,0,0,1
2463,2017-10,4,0,0,0,1
2464,2017-10,4,0,0,0,1
2465,2017-10,4,0,0,0,1
2466,2017-10,4,0,0,0,1
2467,2017-10,4,0,0,0,1
2468,2017-10,4,0,0,0,1
2469,2017-10,4,0,0,0,1
2470,2017-10,4,0,0,0,1
2471,2017-10,4,0,0,0,1
2472,2017-10,4,0,0,0,1
2473,2017-10,4,0,0,0,1
2474,2017-10,4,0,0,0,1
2475,2017-10,4,0,0,0,1
2476,2017-10,4,0,0,0,1
2477,2017-10,4,0,0,0,1
2478,2017-10,4,0,0,0,1
2479,2017-10,4,0,0,0,1
2480,2017-10,4,0,0,0,1
2481,2017-10,4,0,0,0,1
2482,2017-10,4,0,0,0,1
2483,2017-10,4,0,0,0,1
2484,2017-10,4,0,0,0,1
2485,2017-10,4,0,0,0,1
2486,2017-10,4,0,0,0,1
2487,2017-10,4,0,0,0,1
2488,2017-10,4,0,0,0,1
2489,2017-10,4,0,0,0,1
2490,2017-10,4,0,0,0,1
2491,2017-10,4,0,0,0,1
2492,2017-10,4,0,0,0,1
2493,2017-10,4,0,0,0,1
2494,2017-10,4,0,0,0,1
2495,2017-10,4,0,0,0,1
2496,2017-10,4,0,0,0,1
2497,2017-10,4,0,0,0,1
2498,2017-10,4,0,0,0,1
2499,2017-10,4,0,0,0,1
2500,2017-10,4,0,0,0,1
2501,2017-10,4,0,0,0,1
2502,2017-10,4,0,0,0,1
2503,2017-10,4,0,0,0,1
2504,2017-10,4,0,0,0,1
2505,2017-10,4,0,0,0,1
2506,2017-10,4,0,0,0,1
2507,2017-10,4,0,0,0,1
2508,2017-10,4,0,0,0,1
2509,2017-10,4,0,0,0,1
2510,2017-10,4,0,0,0,1
2511,2017-10,4,0,0,0,1
2512,2017-10,4,0,0,0,1
2513,2017-10,4,0,0,0,1
2514,2017-10,4,0,0,0,1
2515,2017-10,4,0,0,0,1
2516,2017-10,4,0,0,0,1
2517,2017-10,4,0,0,0,1
2518,2017-10,4,0,0,0,1
2519,2017-10,4,0,0,0,1
2520,2017-10,4,0,0,0,1
2521,2017-10,4,0,0,0,1
2522,2017-10,4,1,0,0,1
2523,2017-10,4,0,0,0,1
2524,2017-10,4,0,0,0,1
2525,2017-10,4,1,0,0,1
2526,2017-10,4,0,0,0,1
2527,2017-10,4,0,0,0,1
2528,2017-10,4,0,0,0,1
2529,2017-10,4,0,0,0,1
2530,2017-10,4,0,0,0,1
2531,2017-10,4,0,0,0,1
2532,2017-10,4,0,0,0,01
2533,2017-10,4,0,0,0,01
2534,2017-10,4,0,0,0,1
2535,2017-10,4,0,0,0,1
2536,2017-10,4,0,0,0,1
2537,2017-10,4,0,0,0,1
2538,2017-10,4,0,0,0,01
2539,2017-10,4,0,0,0,1
2540,2017-10,4,0,0,0,1
2541,2017-10,4,0,0,0,01
2542,2017-10,4,0,0,0,1
2543,2017-10,4,0,0,0,1
2544,2017-10,4,0,0,0,1
2545,2017-10,4,0,0,0,1
2546,2017-10,4,0,0,0,1
2547,2017-10,4,0,0,0,01
2548,2017-10,4,0,0,0,1
2549,2017-10,4,0,0,0,1
2550,2017-10,4,0,0,0,1
2551,2017-10,4,0,0,0,1
2552,2017-10,4,0,0,0,1
2553,2017-10,4,0,0,0,01
2554,2017-10,4,0,0,0,1
2555,2017-10,4,0,0,0,1
2556,2017-10,4,0,0,0,01
2557,2017-10,4,0,0,0,1
2558,2017-10,4,0,0,0,1
2559,2017-10,4,0,0,0,1
2560,2017-10,4,0,0,0,01
2561,2017-10,4,0,0,0,1
2562,2017-10,4,0,0,0,1
2563,2017-10,4,0,0,0,1
2564,2017-10,4,1,0,0,1
2565,2017-10,4,0,0,0,1
2566,2017-10,4,1,0,0,1
2567,2017-10,4,0,0,0,1
2568,2017-10,4,1,0,0,1
2569,2017-10,4,1,0,0,1
2570,2017-10,4,0,0,0,1
2571,2017-10,4,0,0,0,1
2572,2017-10,4,1,0,0,1
2573,2017-10,4,1,0,0,1
2574,2017-10,4,0,0,0,1
2575,2017-10,4,0,0,0,1
2576,2017-10,4,0,0,0,1
2577,2017-10,4,0,0,0,1
2578,2017-10,4,1,0,0,1
2579,2017-10,4,1,0,0,1
2580,2017-10,4,1,0,0,1
2581,2017-10,4,0,0,0,1
2582,2017-10,4,0,0,0,1
2583,2017-10,4,0,0,0,1
2584,2017-10,4,0,0,0,1
2585,2017-10,4,1,0,0,1
2586,2017-10,4,0,0,0,1
2587,2017-10,4,1,0,0,1
2588,2017-10,4,0,0,0,1
2589,2017-10,4,1,0,0,1
2590,2017-10,4,1,0,0,1
2591,2017-10,4,1,0,0,1
2592,2017-10,4,0,0,0,1
2593,2017-10,4,0,0,0,1
2594,2017-10,4,0,0,0,1
2595,2017-10,4,0,0,0,1
2596,2017-10,4,0,0,0,1
2597,2017-10,4,0,0,0,01
2598,2017-10,4,0,0,0,1
2599,2017-10,4,0,0,0,1
2600,2017-10,4,0,0,0,1
2601,2017-10,4,0,0,0,1
2602,2017-10,4,0,0,0,1
2603,2017-10,4,0,0,0,1
2604,2017-10,4,0,0,0,1
2605,2017-10,4,0,0,0,1
2606,2017-10,4,0,0,0,1
2607,2017-10,4,0,0,0,1
2608,2017-10,4,0,0,0,1
2609,2017-10,4,0,0,0,1
2610,2017-10,4,0,0,0,1
2611,2017-10,4,0,0,0,1
2612,2017-10,4,0,0,0,1
2613,2017-10,4,0,0,0,1
2614,2017-10,4,0,0,0,1
2615,2017-10,4,0,0,0,1
2616,2017-10,4,0,0,0,1
2617,2017-10,4,0,0,0,1
2618,2017-10,4,0,0,0,1
2619,2017-10,4,0,0,0,1
2620,2017-10,4,0,0,0,001
2621,2017-10,4,0,0,0,1
2622,2017-10,4,0,0,0,1
2623,2017-10,4,0,0,0,1
2624,2017-10,4,0,0,0,1
2625,2017-10,4,0,0,0,1
2626,2017-10,4,0,0,0,1
2627,2017-10,4,0,0,0,1
2628,2017-10,4,0,0,0,1
2629,2017-10,4,0,0,0,1
2630,2017-10,4,0,0,0,1
2631,2017-10,4,0,0,0,1
2632,2017-10,4,0,0,0,1
2633,2017-10,4,0,0,0,1
2634,2017-10,4,0,0,0,1
2635,2017-10,4,0,0,0,1
2636,2017-10,4,0,0,0,1
2637,2017-10,4,0,0,0,1
2638,2017-10,4,0,0,0,1
2639,2017-10,4,0,0,0,1
2640,2017-10,4,0,0,0,1
2641,2017-10,4,0,0,0,1
2642,2017-10,4,0,0,0,00001
2643,2017-10,4,0,0,0,1
2644,2017-10,4,0,0,0,1
2645,2017-10,4,0,0,0,1
2646,2017-10,4,0,0,0,1
2647,2017-10,4,0,0,0,1
2648,2017-10,4,0,0,0,1
2649,2017-10,4,0,0,0,1
2650,2017-10,4,0,0,0,1
2651,2017-10,4,0,0,0,1
2652,2017-10,4,0,0,0,1
2653,2017-10,4,0,0,0,1
2654,2017-10,4,0,0,0,1
2655,2017-10,4,0,0,0,1
2656,2017-10,4,0,0,0,1
2657,2017-10,4,0,0,0,1
2658,2017-10,4,0,0,0,1
2659,2017-10,4,0,0,0,1
2660,2017-10,4,0,0,0,1
2661,2017-10,4,0,0,0,1
2662,2017-10,4,0,0,0,1
2663,2017-10,4,0,0,0,1
2664,2017-10,4,0,0,0,1
2665,2017-10,4,0,0,0,1
2666,2017-10,4,0,0,0,1
2667,2017-10,4,0,0,0,1
2668,2017-10,4,0,0,0,1
2669,2017-10,4,0,0,0,1
2670,2017-10,4,0,0,0,1
2671,2017-10,4,0,0,0,1
2672,2017-10,4,0,0,0,1
2673,2017-10,4,0,0,0,1
2674,2017-10,4,0,0,0,1
2675,2017-10,4,0,0,0,1
2676,2017-10,4,0,0,0,1
2677,2017-10,4,0,0,0,1
2678,2017-10,4,0,0,0,1
2679,2017-10,4,0,0,0,1
2680,2017-10,4,0,0,0,1
2681,2017-10,4,0,0,0,1
2682,2017-10,4,0,0,0,1
2683,2017-10,4,0,0,0,1
2684,2017-10,4,0,0,0,1
2685,2017-10,4,0,0,0,1
2686,2017-10,4,0,0,0,1
2687,2017-10,4,0,0,0,1
2688,2017-10,4,0,0,0,1
2689,2017-10,4,0,0,0,1
2690,2017-10,4,0,0,0,1
2691,2017-10,4,0,0,0,1
2692,2017-10,4,0,0,0,1
2693,2017-10,4,0,0,0,1
2694,2017-10,4,0,0,0,1
2695,2017-10,4,0,0,0,1
2696,2017-10,4,0,0,0,1
2697,2017-10,4,0,0,0,1
2698,2017-10,4,0,0,0,1
2699,2017-10,4,0,0,0,1
2700,2017-10,4,0,0,0,1
2701,2017-10,4,0,0,0,1
2702,2017-10,4,0,0,0,1
2703,2017-10,4,0,0,0,1
2704,2017-10,4,0,0,0,1
2705,2017-10,4,0,0,0,1
2706,2017-10,4,0,0,0,1
2707,2017-10,4,0,0,0,1
2708,2017-10,4,0,0,0,1
2709,2017-10,4,0,0,0,1
2710,2017-10,4,0,0,0,1
2711,2017-10,4,0,0,0,1
2712,2017-10,4,0,0,0,1
2713,2017-10,4,0,0,0,1
2714,2017-10,4,0,0,0,1
2715,2017-10,4,0,0,0,1
2716,2017-10,4,0,0,0,1
2717,2017-10,4,0,0,0,1
2718,2017-10,4,0,0,0,1
2719,2017-10,4,0,0,0,1
2720,2017-10,4,0,0,0,1
2721,2017-10,4,0,0,0,1
2722,2017-10,4,0,0,0,1
2723,2017-10,4,0,0,0,1
2724,2017-10,4,0,0,0,1
2725,2017-10,4,0,0,0,1
2726,2017-10,4,0,0,0,1
2727,2017-10,4,0,0,0,1
2728,2017-10,4,0,0,0,1
2729,2017-10,4,0,0,0,1
2730,2017-10,4,0,0,0,1
2731,2017-10,4,0,0,0,1
2732,2017-10,4,0,0,0,1
2733,2017-10,4,0,0,0,1
2734,2017-10,4,0,0,0,1
2735,2017-10,4,0,0,0,1
2736,2017-10,4,0,0,0,1
2737,2017-10,4,0,0,0,1
2738,2017-10,4,0,0,0,1
2739,2017-10,4,0,0,0,1
2740,2017-10,4,0,0,0,1
2741,2017-10,4,0,0,0,1
2742,2017-10,4,0,0,0,1
2743,2017-10,4,0,0,0,1
2744,2017-10,4,0,0,0,1
2745,2017-10,4,0,0,0,1
2746,2017-10,4,0,0,0,1
2747,2017-10,4,1,0,0,1
2748,2017-10,4,0,0,0,1
2749,2017-10,4,0,0,0,1
2750,2017-10,4,0,0,0,1
2751,2017-10,4,0,0,0,1
2752,2017-10,4,0,0,0,1
2753,2017-10,4,0,0,0,1
2754,2017-10,4,0,0,0,1
2755,2017-10,4,0,0,0,1
2756,2017-10,4,0,0,0,1
2757,2017-10,4,0,0,0,1
2758,2017-10,4,0,0,0,1
2759,2017-10,4,0,0,0,1
2760,2017-10,4,0,0,0,1
2761,2017-10,4,0,0,0,1
2762,2017-10,4,0,0,0,1
2763,2017-10,4,0,0,0,1
2764,2017-10,4,0,0,0,1
2765,2017-10,4,0,0,0,1
2766,2017-10,4,0,0,0,1
2767,2017-10,4,0,0,0,1
2768,2017-10,4,0,0,0,1
2769,2017-10,4,0,0,0,1
2770,2017-10,4,0,0,0,1
2771,2017-10,4,0,0,0,1
2772,2017-10,4,0,0,0,1
2773,2017-10,4,0,0,0,1
2774,2017-10,4,0,0,0,1
2775,2017-10,4,0,0,0,1
2776,2017-10,4,0,0,0,1
2777,2017-10,4,0,0,0,1
2778,2017-10,4,0,0,0,1
2779,2017-10,4,0,0,0,1
2780,2017-10,4,0,0,0,1
2781,2017-10,4,0,0,0,1
2782,2017-10,4,0,0,0,1
2783,2017-10,4,0,0,0,1
2784,2017-10,4,0,0,0,01
2785,2017-10,4,0,0,0,1
2787,2017-10,4,0,0,0,1
2788,2017-10,4,0,0,0,1
2789,2017-10,4,0,0,0,01
2790,2017-10,4,1,0,0,1
2791,2017-10,4,1,0,0,1
2792,2017-10,4,0,0,0,1
2793,2017-10,4,1,0,0,1
2794,2017-10,4,1,0,0,1
2795,2017-10,4,1,0,0,1
2796,2017-10,4,1,0,0,01
2797,2017-10,4,1,0,0,1
2798,2017-10,4,0,0,0,1
2799,2017-10,4,1,0,0,1
2800,2017-10,4,0,0,0,1
2801,2017-10,4,1,0,0,1
2802,2017-10,4,0,0,0,1
2803,2017-10,4,1,0,0,1
2804,2017-10,4,0,0,0,1
2805,2017-10,4,0,0,0,1
2806,2017-10,4,1,0,0,1
2807,2017-10,4,1,0,0,1
2808,2017-10,4,1,0,0,1
2809,2017-10,4,1,0,0,1
2810,2017-10,4,0,0,0,1
2811,2017-10,4,0,0,0,1
2812,2017-10,4,0,0,0,1
2813,2017-10,4,0,0,0,1
2814,2017-10,4,1,0,0,1
2815,2017-10,4,1,0,0,1
2816,2017-10,4,1,0,0,1
2817,2017-10,4,0,0,0,1
2818,2017-10,4,1,0,0,1
2819,2017-10,4,1,0,0,1
2820,2017-10,4,0,0,0,1
2821,2017-10,4,1,0,0,1
2822,2017-10,4,0,0,0,1
2823,2017-10,4,1,0,0,1
2824,2017-10,4,0,0,0,1
2825,2017-10,4,0,0,0,1
2826,2017-10,4,1,0,0,1
2827,2017-10,4,0,0,0,1
2828,2017-10,4,1,0,0,1
2829,2017-10,4,0,0,0,1
2830,2017-10,4,0,0,0,1
2831,2017-10,4,0,0,0,1
2832,2017-10,4,0,0,0,00000
2833,2017-10,4,1,0,0,1
2834,2017-10,4,0,0,0,1
2835,2017-10,4,1,0,0,1
2836,2017-10,4,1,0,0,1
2837,2017-10,4,1,0,0,1
2838,2017-10,4,0,0,0,1
2839,2017-10,4,0,0,0,1
2840,2017-10,4,0,0,0,1
2841,2017-10,4,0,0,0,1
2842,2017-10,4,0,0,0,1
2843,2017-10,4,0,0,0,1
2844,2017-10,4,0,0,0,1
2845,2017-10,4,0,0,0,1
2846,2017-10,4,0,0,0,1
2847,2017-10,4,0,0,0,1
2848,2017-10,4,0,0,0,1
2849,2017-10,4,0,0,0,1
2850,2017-10,4,0,0,0,1
2851,2017-10,4,0,0,0,1
2852,2017-10,4,0,0,0,1
2853,2017-10,4,0,0,0,1
2854,2017-10,4,1,0,0,1
2855,2017-10,4,1,0,0,1
2856,2017-10,4,1,0,0,1
2857,2017-10,4,1,0,0,1
2858,2017-10,4,1,0,0,1
2859,2017-10,4,1,0,0,1
2860,2017-10,4,1,0,0,1
2861,2017-10,4,1,0,0,1
2862,2017-10,4,0,0,0,1
2863,2017-10,4,0,0,0,1
2864,2017-10,4,0,0,0,1
2865,2017-10,4,0,0,0,1
2866,2017-10,4,0,0,0,1
2867,2017-10,4,0,0,0,1
2868,2017-10,4,0,0,0,1
2869,2017-10,4,0,0,0,1
2870,2017-10,4,0,0,0,1
2871,2017-10,4,0,0,0,1
2872,2017-10,4,0,0,0,1
2873,2017-10,4,0,0,0,1
2874,2017-10,4,0,0,0,1
2875,2017-10,4,0,0,0,1
2876,2017-10,4,0,0,0,1
2877,2017-10,4,0,0,0,1
2878,2017-10,4,0,0,0,1
2879,2017-10,4,0,0,0,1
2880,2017-10,4,0,0,0,1
2881,2017-10,4,0,0,0,1
2882,2017-10,4,0,0,0,1
2883,2017-10,4,0,0,0,1
2884,2017-10,4,1,0,0,1
2885,2017-10,4,1,0,0,1
2886,2017-10,4,1,0,0,1
2887,2017-10,4,1,0,0,1
2888,2017-10,4,0,0,0,1
2889,2017-10,4,1,0,0,1
2890,2017-10,4,1,0,0,1
2891,2017-10,4,1,0,0,1
2892,2017-10,4,0,0,0,1
2893,2017-10,4,0,0,0,1
2894,2017-10,4,0,0,0,1
2895,2017-10,4,1,0,0,1
2896,2017-10,4,1,0,0,1
2897,2017-10,4,1,0,0,1
2898,2017-10,4,1,0,0,1
2899,2017-10,4,0,0,0,1
2900,2017-10,4,0,0,0,1
2901,2017-10,4,0,0,0,1
2902,2017-10,4,0,0,0,1
2903,2017-10,4,0,0,0,1
2904,2017-10,4,0,0,0,1
2905,2017-10,4,1,0,0,1
2906,2017-10,4,1,0,0,1
2907,2017-10,4,1,0,0,1
2908,2017-10,4,1,0,0,1
2909,2017-10,4,1,0,0,1
2910,2017-10,4,0,0,0,1
2911,2017-10,4,0,0,0,1
2912,2017-10,4,1,0,0,1
2913,2017-10,4,1,0,0,1
2914,2017-10,4,1,0,0,1
2915,2017-10,4,1,0,0,1
2916,2017-10,4,0,0,0,1
2917,2017-10,4,0,0,0,1
2918,2017-10,4,1,0,0,1
2919,2017-10,4,0,0,0,1
2920,2017-10,4,1,0,0,1
2921,2017-10,4,1,0,0,1
2922,2017-10,4,1,0,0,1
2923,2017-10,4,0,0,0,1
2924,2017-10,4,0,0,0,1
2925,2017-10,4,1,0,0,1
2926,2017-10,4,1,0,0,1
2927,2017-10,4,0,0,0,1
2928,2017-10,4,1,0,0,1
2929,2017-10,4,0,0,0,1
2930,2017-10,4,1,0,0,1
2931,2017-10,4,1,0,0,1
2932,2017-10,4,0,0,0,1
2933,2017-10,4,1,0,0,1
2934,2017-10,4,0,0,0,1
2935,2017-10,4,0,0,0,1
2936,2017-10,4,0,0,0,1
2937,2017-10,4,0,0,0,1
2938,2017-10,4,0,0,0,1
2939,2017-10,4,0,0,0,1
2940,2017-10,4,1,0,0,1
2941,2017-10,4,0,0,0,1
2942,2017-10,4,0,0,0,1
2943,2017-10,4,1,0,0,1
2944,2017-10,4,1,0,0,1
2945,2017-10,4,0,0,0,1
2946,2017-10,4,1,0,0,1
2947,2017-10,4,1,0,0,1
2948,2017-10,4,0,0,0,1
2949,2017-10,4,1,0,0,1
2950,2017-10,4,0,0,0,1
2951,2017-10,4,1,0,0,1
2952,2017-10,4,0,0,0,1
2953,2017-10,4,0,0,0,1
2954,2017-10,4,1,0,0,1
2955,2017-10,4,0,0,0,1
2956,2017-10,4,1,0,0,1
2957,2017-10,4,0,0,0,1
2958,2017-10,4,1,0,0,1
2959,2017-10,4,1,0,0,1
2960,2017-10,4,0,0,0,1
2961,2017-10,4,1,0,0,1
2962,2017-10,4,1,0,0,1
2963,2017-10,4,0,0,0,1
2964,2017-10,4,1,0,0,1
2965,2017-10,4,1,0,0,1
2966,2017-10,4,0,0,0,1
2967,2017-10,4,1,0,0,1
2968,2017-10,4,0,0,0,1
2969,2017-10,4,0,0,0,1
2970,2017-10,4,0,0,0,1
2971,2017-10,4,1,0,0,1
2972,2017-10,4,0,0,0,1
2973,2017-10,4,0,0,0,1
2974,2017-10,4,1,0,0,1
2975,2017-10,4,1,0,0,1
2976,2017-10,4,1,0,0,1
2977,2017-10,4,0,0,0,1
2978,2017-10,4,0,0,0,1
2979,2017-10,4,0,0,0,1
2980,2017-10,4,0,0,0,1
2981,2017-10,4,1,0,0,1
2982,2017-10,4,0,0,0,1
2983,2017-10,4,0,0,0,1
2984,2017-10,4,0,0,0,1
2985,2017-10,4,0,0,0,1
2986,2017-10,4,0,0,0,1
2987,2017-10,4,0,0,0,1
2988,2017-10,4,0,0,0,1
2989,2017-10,4,0,0,0,1
2990,2017-10,4,0,0,0,1
2991,2017-10,4,0,0,0,1
2992,2017-10,4,0,0,0,1
2993,2017-10,4,0,0,0,1
2994,2017-10,4,0,0,0,1
2995,2017-10,4,0,0,0,1
2996,2017-10,4,1,0,0,1
2997,2017-10,4,0,0,0,1
2998,2017-10,4,1,0,0,1
2999,2017-10,4,1,0,0,1
3000,2017-10,4,0,0,0,1
3001,2017-10,4,0,0,0,1
3002,2017-10,4,0,0,0,1
3003,2017-10,4,0,0,0,1
3004,2017-10,4,0,0,0,1
3005,2017-10,4,0,0,0,1
3006,2017-10,4,0,0,0,1
3007,2017-10,4,0,0,0,1
3008,2017-10,4,0,0,0,1
3009,2017-10,4,1,0,0,1
3010,2017-10,4,0,0,0,1
3011,2017-10,4,0,0,0,1
3012,2017-10,4,1,0,0,1
3013,2017-10,4,0,0,0,1
3014,2017-10,4,0,0,0,1
3015,2017-10,4,0,0,0,00000
3016,2017-10,4,0,0,0,1
3017,2017-10,4,0,0,0,1
3018,2017-10,4,0,0,0,1
3019,2017-10,4,1,0,0,1
3020,2017-10,4,0,0,0,1
3021,2017-10,4,0,0,0,1
3022,2017-10,4,0,0,0,1
3023,2017-10,4,0,0,0,01
3024,2017-10,4,0,0,0,1
3025,2017-10,4,0,0,0,1
3026,2017-10,4,0,0,0,01
3027,2017-10,4,0,0,0,1
3028,2017-10,4,0,0,0,1
3029,2017-10,4,0,0,0,1
3030,2017-10,4,0,0,0,1
3031,2017-10,4,0,0,0,1
3032,2017-10,4,0,0,0,1
3033,2017-10,4,0,0,0,1
3034,2017-10,4,0,0,0,01
3035,2017-10,4,0,0,0,1
3036,2017-10,4,0,0,0,1
3037,2017-10,4,0,0,0,1
3038,2017-10,4,0,0,0,1
3039,2017-10,4,0,0,0,1
3040,2017-10,4,0,0,0,1
3041,2017-10,4,0,0,0,1
3042,2017-10,4,0,0,0,1
3043,2017-10,4,0,0,0,1
3044,2017-10,4,0,0,0,1
3045,2017-10,4,0,0,0,1
3046,2017-10,4,0,0,0,1
3047,2017-10,4,0,0,0,1
3048,2017-10,4,0,0,0,1
3049,2017-10,4,0,0,0,01
3050,2017-10,4,0,0,0,01
3051,2017-10,4,0,0,0,01
3052,2017-10,4,0,0,0,01
3053,2017-10,4,0,0,0,01
3054,2017-10,4,0,0,0,01
3055,2017-10,4,0,0,0,01
3056,2017-10,4,0,0,0,01
3057,2017-10,4,0,0,0,01
3058,2017-10,4,0,0,0,01
3059,2017-10,4,0,0,0,01
3060,2017-10,4,0,0,0,01
3061,2017-10,4,0,0,0,01
3062,2017-10,4,0,0,0,01
3063,2017-10,4,1,0,0,01
3064,2017-10,4,0,0,0,01
3065,2017-10,4,1,0,0,01
3066,2017-10,4,1,0,0,01
3067,2017-10,4,0,0,0,01
3068,2017-10,4,0,0,0,01
3069,2017-10,4,0,0,0,01
3070,2017-10,4,0,0,0,01
3071,2017-10,4,0,0,0,01
3072,2017-10,4,1,0,0,01
3073,2017-10,4,1,0,0,01
3074,2017-10,4,0,0,0,01
3075,2017-10,4,1,0,0,01
3076,2017-10,4,1,0,0,01
3077,2017-10,4,0,0,0,01
3078,2017-10,4,0,0,0,01
3079,2017-10,4,1,0,0,01
3080,2017-10,4,0,0,0,01
3081,2017-10,4,0,0,0,01
3082,2017-10,4,0,0,0,01
3083,2017-10,4,0,0,0,01
3084,2017-10,4,0,0,0,01
3085,2017-10,4,1,0,0,01
3086,2017-10,4,0,0,0,01
3087,2017-10,4,0,0,0,01
3088,2017-10,4,1,0,0,01
3089,2017-10,4,0,0,0,01
3090,2017-10,4,1,0,0,01
3091,2017-10,4,0,0,0,01
3092,2017-10,4,0,0,0,01
3093,2017-10,4,0,0,0,01
3094,2017-10,4,0,0,0,01
3095,2017-10,4,0,0,0,01
3096,2017-10,4,0,0,0,01
3097,2017-10,4,0,0,0,01
3098,2017-10,4,0,0,0,01
3099,2017-10,4,0,0,0,01
3100,2017-10,4,0,0,0,01
3101,2017-10,4,0,0,0,01
3102,2017-10,4,0,0,0,01
3103,2017-10,4,0,0,0,01
3104,2017-10,4,0,0,0,01
3105,2017-10,4,0,0,0,01
3106,2017-10,4,0,0,0,01
3107,2017-10,4,0,0,0,01
3108,2017-10,4,0,0,0,01
3109,2017-10,4,0,0,0,01
3110,2017-10,4,0,0,0,01
3111,2017-10,4,0,0,0,01
3112,2017-10,4,0,0,0,01
3113,2017-10,4,0,0,0,01
3114,2017-10,4,0,0,0,01
3115,2017-10,4,0,0,0,01
3116,2017-10,4,0,0,0,01
3117,2017-10,4,0,0,0,01
3118,2017-10,4,0,0,0,01
3119,2017-10,4,0,0,0,01
3120,2017-10,4,0,0,0,01
3121,2017-10,4,0,0,0,01
3122,2017-10,4,0,0,0,01
3123,2017-10,4,0,0,0,01
3124,2017-10,4,0,0,0,01
3125,2017-10,4,0,0,0,01
3126,2017-10,4,1,0,0,01
3127,2017-10,4,0,0,0,01
3128,2017-10,4,0,0,0,01
3129,2017-10,4,0,0,0,01
3130,2017-10,4,0,0,0,01
3131,2017-10,4,0,0,0,01
3132,2017-10,4,0,0,0,01
3133,2017-10,4,0,0,0,001
3134,2017-10,4,0,0,0,01
3135,2017-10,4,0,0,0,01
3136,2017-10,4,0,0,0,01
3137,2017-10,4,0,0,0,01
3138,2017-10,4,0,0,0,01
3139,2017-10,4,0,0,0,01
3140,2017-10,4,0,0,0,01
3141,2017-10,4,0,0,0,01
3142,2017-10,4,0,0,0,01
3143,2017-10,4,0,0,0,01
3144,2017-10,4,0,0,0,01
3145,2017-10,4,0,0,0,01
3146,2017-10,4,0,0,0,01
3147,2017-10,4,1,0,0,01
3148,2017-10,4,0,0,0,01
3149,2017-10,4,0,0,0,01
3150,2017-10,4,0,0,0,01
3151,2017-10,4,0,0,0,01
3152,2017-10,4,0,0,0,1
3153,2017-10,4,1,0,0,01
3154,2017-10,4,0,0,0,01
3155,2017-10,4,0,0,0,01
3156,2017-10,4,0,0,0,01
3157,2017-10,4,0,0,0,01
3158,2017-10,4,0,0,0,01
3159,2017-10,4,0,0,0,01
3160,2017-10,4,1,0,0,01
3161,2017-10,4,1,0,0,01
3162,2017-10,4,0,0,0,01
3163,2017-10,4,0,0,0,01
3164,2017-10,4,0,0,0,01
3165,2017-10,4,0,0,0,01
3166,2017-10,4,0,0,0,01
3167,2017-10,4,0,0,0,01
3168,2017-10,4,1,0,0,01
3169,2017-10,4,1,0,0,01
3170,2017-10,4,1,0,0,01
3171,2017-10,4,0,0,0,01
3172,2017-10,4,0,0,0,01
3173,2017-10,4,0,0,0,01
3174,2017-10,4,0,0,0,01
3175,2017-10,4,0,0,0,01
3176,2017-10,4,0,0,0,01
3177,2017-10,4,0,0,0,01
3178,2017-10,4,0,0,0,01
3179,2017-10,4,0,0,0,01
3180,2017-10,4,0,0,0,01
3181,2017-10,4,0,0,0,01
3182,2017-10,4,0,0,0,01
3183,2017-10,4,0,0,0,01
3184,2017-10,4,0,0,0,01
3185,2017-10,4,0,0,0,01
3186,2017-10,4,0,0,0,01
3187,2017-10,4,0,0,0,01
3188,2017-10,4,0,0,0,01
3189,2017-10,4,0,0,0,01
3190,2017-10,4,0,0,0,01
3191,2017-10,4,0,0,0,01
3192,2017-10,4,0,0,0,01
3193,2017-10,4,0,0,0,01
3194,2017-10,4,0,0,0,01
3195,2017-10,4,0,0,0,01
3196,2017-10,4,0,0,0,01
3197,2017-10,4,0,0,0,01
3198,2017-10,4,0,0,0,01
3199,2017-10,4,0,0,0,01
3200,2017-10,4,0,0,0,01
3201,2017-10,4,0,0,0,01
3202,2017-10,4,0,0,0,01
3203,2017-10,4,0,0,0,01
3204,2017-10,4,0,0,0,01
3205,2017-10,4,0,0,0,01
3206,2017-10,4,0,0,0,01
3207,2017-10,4,0,0,0,01
3208,2017-10,4,0,0,0,01
3209,2017-10,4,0,0,0,01
3210,2017-10,4,0,0,0,01
3211,2017-10,4,0,0,0,01
3212,2017-10,4,0,0,0,01
3213,2017-10,4,0,0,0,01
3214,2017-10,4,0,0,0,01
3215,2017-10,4,0,0,0,01
3216,2017-10,4,0,0,0,01
3217,2017-10,4,0,0,0,01
3218,2017-10,4,0,0,0,01
3219,2017-10,4,0,0,0,01
3220,2017-10,4,0,0,0,01
3221,2017-10,4,0,0,0,01
3222,2017-10,4,0,0,0,01
3223,2017-10,4,0,0,0,01
3224,2017-10,4,0,0,0,01
3225,2017-10,4,0,0,0,01
3226,2017-10,4,0,0,0,01
3227,2017-10,4,0,0,0,01
3228,2017-10,4,0,0,0,01
3229,2017-10,4,0,0,0,01
3230,2017-10,4,0,0,0,01
3231,2017-10,4,0,0,0,01
3232,2017-10,4,0,0,0,01
3233,2017-10,4,0,0,0,01
3234,2017-10,4,0,0,0,01
3235,2017-10,4,0,0,0,01
3236,2017-10,4,0,0,0,01
3237,2017-10,4,0,0,0,01
3238,2017-10,4,0,0,0,01
3239,2017-10,4,0,0,0,01
3240,2017-10,4,0,0,0,01
3241,2017-10,4,0,0,0,01
3242,2017-10,4,0,0,0,01
3243,2017-10,4,0,0,0,01
3244,2017-10,4,0,0,0,01
3245,2017-10,4,0,0,0,01
3246,2017-10,4,0,0,0,01
3247,2017-10,4,0,0,0,01
3248,2017-10,4,0,0,0,01
3249,2017-10,4,0,0,0,01
3250,2017-10,4,0,0,0,01
3251,2017-10,4,0,0,0,01
3252,2017-10,4,0,0,0,01
3253,2017-10,4,0,0,0,01
3254,2017-10,4,0,0,0,01
3255,2017-10,4,0,0,0,01
3256,2017-10,4,0,0,0,01
3257,2017-10,4,0,0,0,01
3258,2017-10,4,0,0,0,01
3259,2017-10,4,0,0,0,01
3260,2017-10,4,0,0,0,01
3261,2017-10,4,0,0,0,01
3262,2017-10,4,0,0,0,01
3263,2017-10,4,0,0,0,01
3264,2017-10,4,0,0,0,01
3265,2017-10,4,0,0,0,01
3266,2017-10,4,0,0,0,01
3267,2017-10,4,0,0,0,01
3268,2017-10,4,0,0,0,01
3269,2017-10,4,0,0,0,01
3270,2017-10,4,0,0,0,01
3271,2017-10,4,0,0,0,01
3272,2017-10,4,0,0,0,01
3273,2017-10,4,0,0,0,01
3274,2017-10,4,0,0,0,01
3275,2017-10,4,0,0,0,01
3276,2017-10,4,0,0,0,01
3277,2017-10,4,0,0,0,01
3278,2017-10,4,0,0,0,01
3279,2017-10,4,0,0,0,01
3280,2017-10,4,0,0,0,01
3281,2017-10,4,0,0,0,01
3282,2017-10,4,0,0,0,01
3283,2017-10,4,0,0,0,01
3284,2017-10,4,0,0,0,01
3285,2017-10,4,0,0,0,01
3286,2017-10,4,0,0,0,01
3287,2017-10,4,0,0,0,01
3288,2017-10,4,0,0,0,01
3289,2017-10,4,0,0,0,01
3290,2017-10,4,0,0,0,01
3291,2017-10,4,0,0,0,01
3292,2017-10,4,0,0,0,01
3293,2017-10,4,0,0,0,01
3294,2017-10,4,0,0,0,01
3295,2017-10,4,0,0,0,01
3296,2017-10,4,0,0,0,01
3297,2017-10,4,0,0,0,01
3298,2017-10,4,0,0,0,01
3299,2017-10,4,0,0,0,01
3300,2017-10,4,0,0,0,01
3301,2017-10,4,0,0,0,01
3302,2017-10,4,0,0,0,01
3303,2017-10,4,0,0,0,01
3304,2017-10,4,0,0,0,01
3305,2017-10,4,0,0,0,01
3306,2017-10,4,0,0,0,01
3307,2017-10,4,0,0,0,01
3308,2017-10,4,0,0,0,01
3309,2017-10,4,0,0,0,01
3310,2017-10,4,0,0,0,01
3311,2017-10,4,0,0,0,01
3312,2017-10,4,0,0,0,01
3313,2017-10,4,0,0,0,01
3314,2017-10,4,0,0,0,01
3315,2017-10,4,0,0,0,01
3316,2017-10,4,0,0,0,01
3317,2017-10,4,0,0,0,01
3318,2017-10,4,0,0,0,01
3319,2017-10,4,0,0,0,01
3320,2017-10,4,0,0,0,01
3321,2017-10,4,0,0,0,01
3322,2017-10,4,0,0,0,01
3323,2017-10,4,0,0,0,01
3324,2017-10,4,0,0,0,01
3325,2017-10,4,0,0,0,01
3326,2017-10,4,0,0,0,01
3327,2017-10,4,0,0,0,01
3328,2017-10,4,0,0,0,01
3329,2017-10,4,0,0,0,01
3330,2017-10,4,0,0,0,01
3331,2017-10,4,0,0,0,01
3332,2017-10,4,0,0,0,1
3333,2017-10,4,0,0,0,01
3334,2017-10,4,0,0,0,1
3335,2017-10,4,0,0,0,01
3336,2017-10,4,0,0,0,1
3337,2017-10,4,0,0,0,01
3338,2017-10,4,0,0,0,01
3339,2017-10,4,0,0,0,01
3340,2017-10,4,0,0,0,01
3341,2017-10,4,0,0,0,01
3342,2017-10,4,0,0,0,01
3343,2017-10,4,0,0,0,01
3344,2017-10,4,0,0,0,01
3345,2017-10,4,0,0,0,1
3346,2017-10,4,0,0,0,01
3347,2017-10,4,0,0,0,01
3348,2017-10,4,0,0,0,01
3349,2017-10,4,0,0,0,01
3350,2017-10,4,0,0,0,01
3351,2017-10,4,0,0,0,01
3352,2017-10,4,0,0,0,01
3353,2017-10,4,0,0,0,01
3354,2017-10,4,0,0,0,01
3355,2017-10,4,0,0,0,01
3356,2017-10,4,0,0,0,01
3357,2017-10,4,0,0,0,01
3358,2017-10,4,0,0,0,01
3359,2017-10,4,0,0,0,01
3360,2017-10,4,0,0,0,01
3361,2017-10,4,0,0,0,01
3362,2017-10,4,0,0,0,01
3363,2017-10,4,0,0,0,01
3364,2017-10,4,0,0,0,01
3365,2017-10,4,0,0,0,01
3366,2017-10,4,0,0,0,01
3367,2017-10,4,0,0,0,01
3368,2017-10,4,0,0,0,01
3369,2017-10,4,0,0,0,01
3370,2017-10,4,0,0,0,01
3371,2017-10,4,0,0,0,01
3372,2017-10,4,0,0,0,01
3373,2017-10,4,0,0,0,01
3374,2017-10,4,0,0,0,01
3375,2017-10,4,0,0,0,01
3376,2017-10,4,0,0,0,01
3377,2017-10,4,0,0,0,01
3378,2017-10,4,0,0,0,01
3379,2017-10,4,0,0,0,01
3380,2017-10,4,0,0,0,01
3381,2017-10,4,0,0,0,01
3382,2017-10,4,0,0,0,01
3383,2017-10,4,0,0,0,01
3384,2017-10,4,0,0,0,01
3385,2017-10,4,0,0,0,01
3386,2017-10,4,0,0,0,01
3387,2017-10,4,0,0,0,01
3388,2017-10,4,0,0,0,01
3389,2017-10,4,0,0,0,01
3390,2017-10,4,0,0,0,01
3391,2017-10,4,0,0,0,01
3392,2017-10,4,0,0,0,01
3393,2017-10,4,0,0,0,01
3394,2017-10,4,0,0,0,01
3395,2017-10,4,0,0,0,01
3396,2017-10,4,0,0,0,01
3397,2017-10,4,0,0,0,01
3398,2017-10,4,1,0,0,01
3399,2017-10,4,1,0,0,01
3400,2017-10,4,1,0,0,01
3401,2017-10,4,0,0,0,01
3402,2017-10,4,0,0,0,01
3403,2017-10,4,1,0,0,01
3404,2017-10,4,0,0,0,1
3405,2017-10,4,0,0,0,01
3406,2017-10,4,1,0,0,01
3407,2017-10,4,0,0,0,1
3408,2017-10,4,0,0,0,01
3409,2017-10,4,0,0,0,01
3410,2017-10,4,0,0,0,01
3411,2017-10,4,0,0,0,01
3412,2017-10,4,0,0,0,01
3413,2017-10,4,0,0,0,01
3414,2017-10,4,0,0,0,01
3415,2017-10,4,0,0,0,01
3416,2017-10,4,0,0,0,01
3417,2017-10,4,0,0,0,01
3418,2017-10,4,0,0,0,01
3419,2017-10,4,0,0,0,01
3420,2017-10,4,0,0,0,01
3421,2017-10,4,0,0,0,01
3422,2017-10,4,0,0,0,01
3423,2017-10,4,0,0,0,01
3424,2017-10,4,0,0,0,01
3425,2017-10,4,0,0,0,01
3426,2017-10,4,0,0,0,01
3427,2017-10,4,0,0,0,01
3428,2017-10,4,0,0,0,01
3429,2017-10,4,0,0,0,01
3430,2017-10,4,0,0,0,01
3431,2017-10,4,1,0,0,01
3432,2017-10,4,0,0,0,01
3433,2017-10,4,0,0,0,01
3434,2017-10,4,0,0,0,01
3435,2017-10,4,0,0,0,01
3436,2017-10,4,1,0,0,01
3437,2017-10,4,0,0,0,01
3438,2017-10,4,0,0,0,01
3439,2017-10,4,0,0,0,01
3440,2017-10,4,0,0,0,01
3441,2017-10,4,0,0,0,01
3442,2017-10,4,0,0,0,01
3443,2017-10,4,0,0,0,01
3444,2017-10,4,0,0,0,01
3445,2017-10,4,0,0,0,01
3446,2017-10,4,0,0,0,01
3447,2017-10,4,0,0,0,01
3448,2017-10,4,0,0,0,01
3449,2017-10,4,0,0,0,01
3450,2017-10,4,0,0,0,01
3451,2017-10,4,0,0,0,01
3452,2017-10,4,0,0,0,01
3453,2017-10,4,0,0,0,1
3454,2017-10,4,0,0,0,01
3455,2017-10,4,0,0,0,01
3456,2017-10,4,0,0,0,01
3457,2017-10,4,0,0,0,01
3458,2017-10,4,0,0,0,01
3459,2017-10,4,0,0,0,01
3460,2017-10,4,0,0,0,01
3461,2017-10,4,0,0,0,01
3462,2017-10,4,0,0,0,01
3463,2017-10,4,0,0,0,01
3464,2017-10,4,0,0,0,01
3465,2017-10,4,0,0,0,01
3466,2017-10,4,0,0,0,01
3467,2017-10,4,0,0,0,01
3468,2017-10,4,0,0,0,01
3469,2017-10,4,0,0,0,01
3470,2017-10,4,0,0,0,01
3471,2017-10,4,0,0,0,01
3472,2017-10,4,0,0,0,01
3473,2017-10,4,0,0,0,01
3474,2017-10,4,0,0,0,01
3475,2017-10,4,0,0,0,01
3476,2017-10,4,0,0,0,01
3477,2017-10,4,0,0,0,01
3478,2017-10,4,0,0,0,01
3479,2017-10,4,0,0,0,01
3480,2017-10,4,0,0,0,01
3481,2017-10,4,0,0,0,01
3482,2017-10,4,0,0,0,01
3483,2017-10,4,0,0,0,01
3484,2017-10,4,0,0,0,01
3485,2017-10,4,0,0,0,01
3486,2017-10,4,0,0,0,01
3487,2017-10,4,0,0,0,01
3488,2017-10,4,0,0,0,01
3489,2017-10,4,0,0,0,01
3490,2017-10,4,0,0,0,01
3491,2017-10,4,0,0,0,01
3492,2017-10,4,0,0,0,01
3493,2017-10,4,0,0,0,01
3494,2017-10,4,0,0,0,01
3495,2017-10,4,0,0,0,01
3496,2017-10,4,0,0,0,01
3497,2017-10,4,0,0,0,01
3498,2017-10,4,0,0,0,01
3499,2017-10,4,0,0,0,01
3500,2017-10,4,0,0,0,01
3501,2017-10,4,0,0,0,01
3502,2017-10,4,0,0,0,01
3503,2017-10,4,0,0,0,01
3504,2017-10,4,0,0,0,01
3505,2017-10,4,0,0,0,01
3506,2017-10,4,0,0,0,01
3507,2017-10,4,0,0,0,01
3508,2017-10,4,0,0,0,01
3509,2017-10,4,0,0,0,01
3510,2017-10,4,0,0,0,01
3511,2017-10,4,0,0,0,01
3512,2017-10,4,0,0,0,01
3513,2017-10,4,0,0,0,01
3514,2017-10,4,0,0,0,01
3515,2017-10,4,0,0,0,01
3516,2017-10,4,0,0,0,01
3517,2017-10,4,0,0,0,01
3518,2017-10,4,0,0,0,01
3519,2017-10,4,0,0,0,01
3520,2017-10,4,0,0,0,01
3521,2017-10,4,0,0,0,01
3522,2017-10,4,0,0,0,01
3523,2017-10,4,0,0,0,01
3524,2017-10,4,0,0,0,01
3525,2017-10,4,0,0,0,01
3526,2017-10,4,0,0,0,01
3527,2017-10,4,0,0,0,01
3528,2017-10,4,0,0,0,01
3529,2017-10,4,0,0,0,01
3530,2017-10,4,0,0,0,01
3531,2017-10,4,0,0,0,01
3532,2017-10,4,0,0,0,01
3533,2017-10,4,0,0,0,01
3534,2017-10,4,1,0,0,01
3535,2017-10,4,1,0,0,01
3536,2017-10,4,1,0,0,01
3537,2017-10,4,0,0,0,01
3538,2017-10,4,0,0,0,01
3539,2017-10,4,0,0,0,01
3540,2017-10,4,0,0,0,01
3541,2017-10,4,0,0,0,01
3542,2017-10,4,0,0,0,01
3543,2017-10,4,0,0,0,01
3544,2017-10,4,0,0,0,01
3545,2017-10,4,0,0,0,01
3546,2017-10,4,0,0,0,01
3547,2017-10,4,0,0,0,01
3548,2017-10,4,0,0,0,01
3549,2017-10,4,0,0,0,01
3550,2017-10,4,0,0,0,01
3551,2017-10,4,0,0,0,01
3552,2017-10,4,0,0,0,01
3553,2017-10,4,0,0,0,01
3554,2017-10,4,0,0,0,01
3555,2017-10,4,0,0,0,01
3556,2017-10,4,0,0,0,01
3557,2017-10,4,0,0,0,01
3558,2017-10,4,0,0,0,01
3559,2017-10,4,0,0,0,01
3560,2017-10,4,0,0,0,01
3561,2017-10,4,0,0,0,01
3562,2017-10,4,0,0,0,01
3563,2017-10,4,0,0,0,01
3564,2017-10,4,0,0,0,01
3565,2017-10,4,0,0,0,01
3566,2017-10,4,0,0,0,01
3567,2017-10,4,0,0,0,01
3568,2017-10,4,0,0,0,01
3569,2017-10,4,0,0,0,01
3570,2017-10,4,0,0,0,01
3571,2017-10,4,0,0,0,01
3572,2017-10,4,0,0,0,01
3573,2017-10,4,0,0,0,01
3574,2017-10,4,0,0,0,01
3575,2017-10,4,0,0,0,01
3576,2017-10,4,0,0,0,01
3577,2017-10,4,0,0,0,01
3578,2017-10,4,0,0,0,01
3579,2017-10,4,0,0,0,01
3580,2017-10,4,0,0,0,01
3581,2017-10,4,0,0,0,01
3582,2017-10,4,0,0,0,01
3583,2017-10,4,0,0,0,01
3584,2017-10,4,0,0,0,01
3585,2017-10,4,0,0,0,01
3586,2017-10,4,0,0,0,01
3587,2017-10,4,0,0,0,01
3588,2017-10,4,0,0,0,01
3589,2017-10,4,0,0,0,01
3590,2017-10,4,0,0,0,01
3591,2017-10,4,0,0,0,01
3592,2017-10,4,0,0,0,01
3593,2017-10,4,0,0,0,01
3594,2017-10,4,0,0,0,01
3595,2017-10,4,0,0,0,01
3596,2017-10,4,0,0,0,01
3597,2017-10,4,0,0,0,01
3598,2017-10,4,0,0,0,01
3599,2017-10,4,0,0,0,01
3600,2017-10,4,0,0,0,01
3601,2017-10,4,0,0,0,01
3602,2017-10,4,0,0,0,01
3603,2017-10,4,0,0,0,01
3604,2017-10,4,0,0,0,01
3605,2017-10,4,0,0,0,01
3606,2017-10,4,0,0,0,01
3607,2017-10,4,0,0,0,01
3608,2017-10,4,0,0,0,01
3609,2017-10,4,0,0,0,01
3610,2017-10,4,0,0,0,01
3611,2017-10,4,0,0,0,01
3612,2017-10,4,0,0,0,01
3613,2017-10,4,0,0,0,01
3614,2017-10,4,0,0,0,01
3615,2017-10,4,0,0,0,01
3616,2017-10,4,0,0,0,01
3617,2017-10,4,0,0,0,01
3618,2017-10,4,0,0,0,01
3619,2017-10,4,0,0,0,01
3620,2017-10,4,0,0,0,01
3621,2017-10,4,0,0,0,01
3622,2017-10,4,0,0,0,01
3623,2017-10,4,0,0,0,01
3624,2017-10,4,0,0,0,01
3625,2017-10,4,0,0,0,01
3626,2017-10,4,0,0,0,01
3627,2017-10,4,0,0,0,01
3628,2017-10,4,0,0,0,01
3629,2017-10,4,0,0,0,01
3630,2017-10,4,0,0,0,01
3631,2017-10,4,0,0,0,01
3632,2017-10,4,0,0,0,01
3633,2017-10,4,0,0,0,01
3634,2017-10,4,0,0,0,01
3635,2017-10,4,0,0,0,1
3636,2017-10,4,0,0,0,01
3637,2017-10,4,0,0,0,01
3638,2017-10,4,0,0,0,01
3639,2017-10,4,0,0,0,00000
3640,2017-10,4,0,0,0,01
3641,2017-10,4,0,0,0,01
3642,2017-10,4,0,0,0,01
3643,2017-10,4,0,0,0,01
3644,2017-10,4,0,0,0,01
3645,2017-10,4,0,0,0,01
3646,2017-10,4,0,0,0,01
3647,2017-10,4,0,0,0,01
3648,2017-10,4,0,0,0,01
3649,2017-10,4,0,0,0,01
3650,2017-10,4,0,0,0,01
3651,2017-10,4,0,0,0,01
3652,2017-10,4,0,0,0,01
3653,2017-10,4,0,0,0,01
3654,2017-10,4,0,0,0,01
3670,2017-10,4,0,0,0,01
3671,2017-10,4,0,0,0,01
3672,2017-10,4,0,0,0,01
3673,2017-10,4,0,0,0,01
3674,2017-10,4,0,0,0,01
3675,2017-10,4,0,0,0,01
3676,2017-10,4,0,0,0,01
3678,2017-10,4,0,0,0,01
3679,2017-10,4,0,0,0,01
3680,2017-10,4,0,0,0,01
3681,2017-10,4,0,0,0,01
3683,2017-10,4,0,0,0,01
3684,2017-10,4,0,0,0,01
3685,2017-10,4,0,0,0,01
3686,2017-10,4,0,0,0,01
3692,2017-10,4,0,0,0,01
3726,2017-10,4,0,0,0,01
3727,2017-10,4,0,0,0,01
3729,2017-10,4,0,0,0,01
3730,2017-10,4,0,0,0,01
3731,2017-10,4,0,0,0,01
3732,2017-10,4,0,0,0,01
3733,2017-10,4,0,0,0,01
3734,2017-10,4,0,0,0,01
3735,2017-10,4,0,0,0,01
3736,2017-10,4,0,0,0,01
3737,2017-10,4,0,0,0,01
3753,2017-10,4,1,0,0,01
3758,2017-10,4,0,0,0,01
3760,2017-10,4,0,0,0,01
3761,2017-10,4,0,0,0,01
3762,2017-10,4,0,0,0,01
3776,2017-10,4,0,0,0,01
3783,2017-10,4,1,0,0,01
3788,2017-10,4,1,0,0,01
3792,2017-10,4,0,0,0,01
3798,2017-10,4,0,0,0,01
3799,2017-10,4,0,0,0,01
3800,2017-10,4,1,0,0,01
3801,2017-10,4,0,0,0,01
3805,2017-10,4,1,0,0,01
3808,2017-10,4,0,0,0,01
3809,2017-10,4,0,0,0,01
3810,2017-10,4,0,0,0,01
3811,2017-10,4,0,0,0,01
3812,2017-10,4,0,0,0,01
3813,2017-10,4,0,0,0,01
3814,2017-10,4,0,0,0,01
3817,2017-10,4,0,0,0,01
3818,2017-10,4,0,0,0,01
3819,2017-10,4,0,0,0,root
3820,2017-10,4,0,0,0,01
3821,2017-10,4,0,0,0,01
3822,2017-10,4,0,0,0,01
3823,2017-10,4,0,0,0,01
3824,2017-10,4,0,0,0,01
3825,2017-10,4,0,0,0,01
3826,2017-10,4,0,0,0,01
3827,2017-10,4,0,0,0,01
3828,2017-10,4,0,0,0,01
3829,2017-10,4,0,0,0,01
3830,2017-10,4,0,0,0,01
3831,2017-10,4,0,0,0,01
3832,2017-10,4,0,0,0,01
3833,2017-10,4,0,0,0,01
3834,2017-10,4,0,0,0,01
3835,2017-10,4,0,0,0,01
3836,2017-10,4,0,0,0,01
3837,2017-10,4,0,0,0,01
3838,2017-10,4,0,0,0,01
3839,2017-10,4,0,0,0,01
3840,2017-10,4,0,0,0,01
3841,2017-10,4,0,0,0,01
3842,2017-10,4,0,0,0,01
3848,2017-10,4,1,0,0,01
3849,2017-10,4,1,0,0,root
3850,2017-10,4,1,0,0,01
3851,2017-10,4,1,0,0,root
3852,2017-10,4,1,0,0,01
3853,2017-10,4,0,0,0,01
3854,2017-10,4,1,0,0,01
3855,2017-10,4,1,0,0,01
3856,2017-10,4,1,0,0,root
3857,2017-10,4,1,0,0,01
3858,2017-10,4,1,0,0,01
3859,2017-10,4,0,0,0,01
3860,2017-10,4,1,0,0,01
3861,2017-10,4,1,0,0,01
3862,2017-10,4,0,0,0,01
3863,2017-10,4,0,0,0,01
3864,2017-10,4,0,0,0,01
3865,2017-10,4,0,0,0,01
3866,2017-10,4,0,0,0,01
3867,2017-10,4,0,0,0,01
3868,2017-10,4,1,0,0,01
3869,2017-10,4,1,0,0,01
3870,2017-10,4,0,0,0,01
3871,2017-10,4,1,0,0,01
3872,2017-10,4,0,0,0,01
3873,2017-10,4,0,0,0,01
3874,2017-10,4,0,0,0,01
3875,2017-10,4,0,0,0,01
3878,2017-10,4,1,0,0,01
3879,2017-10,4,1,0,0,01
3880,2017-10,4,1,0,0,01
3881,2017-10,4,1,0,0,01
3882,2017-10,4,1,0,0,01
3883,2017-10,4,0,0,0,01
3884,2017-10,4,0,0,0,01
3885,2017-10,4,0,0,0,01
3886,2017-10,4,0,0,0,01
3887,2017-10,4,0,0,0,01
3888,2017-10,4,1,0,0,01
3889,2017-10,4,0,0,0,01
3890,2017-10,4,0,0,0,01
3891,2017-10,4,0,0,0,01
3894,2017-10,4,0,0,0,root
3895,2017-10,4,0,0,0,01
3896,2017-10,4,0,0,0,01
3897,2017-10,4,0,0,0,01
3898,2017-10,4,0,0,0,01
3899,2017-10,4,0,0,0,01
3900,2017-10,4,0,0,0,01
3901,2017-10,4,0,0,0,01
3902,2017-10,4,0,0,0,01
3903,2017-10,4,0,0,0,01
3904,2017-10,4,0,0,0,01
3905,2017-10,4,0,0,0,01
3906,2017-10,4,0,0,0,01
3907,2017-10,4,0,0,0,01
3908,2017-10,4,0,0,0,01
3909,2017-10,4,0,0,0,01
3910,2017-10,4,0,0,0,01
3911,2017-10,4,0,0,0,01
3912,2017-10,4,0,0,0,01
3913,2017-10,4,0,0,0,01
3914,2017-10,4,0,0,0,01
3927,2017-10,4,0,0,0,01
3928,2017-10,4,0,0,0,01
3929,2017-10,4,0,0,0,01
3930,2017-10,4,0,0,0,01
3931,2017-10,4,0,0,0,01
3932,2017-10,4,0,0,0,01
3933,2017-10,4,0,0,0,01
3934,2017-10,4,0,0,0,01
3935,2017-10,4,0,0,0,01
3936,2017-10,4,0,0,0,root
3937,2017-10,4,0,0,0,01
3938,2017-10,4,0,0,0,01
3939,2017-10,4,0,0,0,01
3940,2017-10,4,0,0,0,01
3941,2017-10,4,0,0,0,01
3942,2017-10,4,0,0,0,01
3943,2017-10,4,0,0,0,01
3944,2017-10,4,0,0,0,01
3945,2017-10,4,0,0,0,01
3946,2017-10,4,0,0,0,01
3947,2017-10,4,0,0,0,01
3948,2017-10,4,0,0,0,01
3949,2017-10,4,0,0,0,01
3955,2017-10,4,0,0,0,01
3956,2017-10,4,0,0,0,01
3957,2017-10,4,0,0,0,01
3958,2017-10,4,0,0,0,01
3959,2017-10,4,0,0,0,01
3960,2017-10,4,0,0,0,01
3961,2017-10,4,1,0,0,00000
3962,2017-10,4,0,0,0,01
3963,2017-10,4,1,0,0,00000
3964,2017-10,4,0,0,0,01
3965,2017-10,4,0,0,0,01
3966,2017-10,4,1,0,0,01
3967,2017-10,4,1,0,0,01
3968,2017-10,4,0,0,0,01
3969,2017-10,4,0,0,0,01
3970,2017-10,4,1,0,0,00000
3971,2017-10,4,1,0,0,01
3972,2017-10,4,1,0,0,00000
3973,2017-10,4,1,0,0,00000
3974,2017-10,4,1,0,0,01
3975,2017-10,4,1,0,0,01
3976,2017-10,4,1,0,0,01
3977,2017-10,4,1,0,0,01
3978,2017-10,4,1,0,0,01
3979,2017-10,4,1,0,0,01
3980,2017-10,4,1,0,0,01
3981,2017-10,4,0,0,0,01
3982,2017-10,4,0,0,0,01
3983,2017-10,4,1,0,0,01
3984,2017-10,4,0,0,0,01
3985,2017-10,4,1,0,0,01
3986,2017-10,4,0,0,0,01
3987,2017-10,4,1,0,0,01
3988,2017-10,4,0,0,0,01
3989,2017-10,4,1,0,0,01
3990,2017-10,4,0,0,0,01
3991,2017-10,4,1,0,0,01
3992,2017-10,4,1,0,0,01
3993,2017-10,4,1,0,0,01
3994,2017-10,4,1,0,0,01
3995,2017-10,4,0,0,0,01
3996,2017-10,4,1,0,0,01
3997,2017-10,4,0,0,0,01
3998,2017-10,4,0,0,0,01
3999,2017-10,4,0,0,0,01
4000,2017-10,4,0,0,0,01
4001,2017-10,4,0,0,0,01
4002,2017-10,4,0,0,0,1
4003,2017-10,4,0,0,0,01
4004,2017-10,4,0,0,0,01
4005,2017-10,4,0,0,0,00001
4006,2017-10,4,0,0,0,1
4007,2017-10,4,0,0,0,1
4008,2017-10,4,0,0,0,01
4009,2017-10,4,0,0,0,01
4010,2017-10,4,0,0,0,1
4011,2017-10,4,0,0,0,01
4012,2017-10,4,0,0,0,01
4013,2017-10,4,0,0,0,01
4014,2017-10,4,0,0,0,01
4015,2017-10,4,0,0,0,01
4016,2017-10,4,0,0,0,01
4017,2017-10,4,0,0,0,01
4018,2017-10,4,0,0,0,1
4019,2017-10,4,0,0,0,01
4020,2017-10,4,0,0,0,01
4021,2017-10,4,0,0,0,1
4022,2017-10,4,0,0,0,01
4023,2017-10,4,0,0,0,01
4024,2017-10,4,0,0,0,01
4025,2017-10,4,0,0,0,01
4026,2017-10,4,0,0,0,1
4027,2017-10,4,0,0,0,1
4028,2017-10,4,0,0,0,1
4029,2017-10,4,0,0,0,1
4030,2017-10,4,0,0,0,00001
4031,2017-10,4,0,0,0,001
4032,2017-10,4,0,0,0,01
4033,2017-10,4,0,0,0,1
4034,2017-10,4,0,0,0,01
4035,2017-10,4,0,0,0,01
4036,2017-10,4,0,0,0,01
4037,2017-10,4,0,0,0,1
4038,2017-10,4,0,0,0,01
4039,2017-10,4,0,0,0,01
4040,2017-10,4,0,0,0,01
4041,2017-10,4,0,0,0,01
4042,2017-10,4,0,0,0,01
4043,2017-10,4,0,0,0,1
4044,2017-10,4,0,0,0,1
4045,2017-10,4,0,0,0,1
4046,2017-10,4,0,0,0,1
4047,2017-10,4,0,0,0,01
4048,2017-10,4,0,0,0,1
4049,2017-10,4,0,0,0,1
4050,2017-10,4,0,0,0,01
4051,2017-10,4,0,0,0,01
4052,2017-10,4,0,0,0,01
4053,2017-10,4,0,0,0,01
4054,2017-10,4,0,0,0,01
4055,2017-10,4,0,0,0,01
4056,2017-10,4,0,0,0,01
4057,2017-10,4,0,0,0,01
4058,2017-10,4,0,0,0,01
4059,2017-10,4,0,0,0,01
4060,2017-10,4,0,0,0,01
4061,2017-10,4,0,0,0,01
4062,2017-10,4,0,0,0,01
4063,2017-10,4,0,0,0,01
4064,2017-10,4,0,0,0,01
4065,2017-10,4,0,0,0,01
4066,2017-10,4,0,0,0,01
4067,2017-10,4,0,0,0,01
4068,2017-10,4,0,0,0,01
4069,2017-10,4,0,0,0,01
4070,2017-10,4,0,0,0,01
4071,2017-10,4,0,0,0,01
4072,2017-10,4,0,0,0,01
4073,2017-10,4,0,0,0,01
4074,2017-10,4,0,0,0,01
4075,2017-10,4,0,0,0,01
4076,2017-10,4,0,0,0,01
4077,2017-10,4,0,0,0,01
4078,2017-10,4,0,0,0,01
4079,2017-10,4,0,0,0,01
4080,2017-10,4,0,0,0,01
4081,2017-10,4,0,0,0,01
4082,2017-10,4,0,0,0,01
4083,2017-10,4,0,0,0,01
4084,2017-10,4,0,0,0,01
4085,2017-10,4,0,0,0,01
4086,2017-10,4,0,0,0,01
4087,2017-10,4,0,0,0,01
4088,2017-10,4,0,0,0,01
4089,2017-10,4,0,0,0,01
4090,2017-10,4,0,0,0,01
4091,2017-10,4,0,0,0,01
4092,2017-10,4,0,0,0,01
4093,2017-10,4,0,0,0,01
4094,2017-10,4,0,0,0,01
4095,2017-10,4,0,0,0,01
4096,2017-10,4,0,0,0,01
4097,2017-10,4,0,0,0,01
4098,2017-10,4,0,0,0,01
4099,2017-10,4,0,0,0,01
4100,2017-10,4,0,0,0,01
4101,2017-10,4,0,0,0,01
4102,2017-10,4,0,0,0,01
4103,2017-10,4,0,0,0,01
4104,2017-10,4,0,0,0,01
4105,2017-10,4,0,0,0,01
4106,2017-10,4,0,0,0,01
4107,2017-10,4,0,0,0,01
4108,2017-10,4,0,0,0,01
4109,2017-10,4,0,0,0,01
4110,2017-10,4,0,0,0,01
4111,2017-10,4,0,0,0,01
4112,2017-10,4,0,0,0,01
4113,2017-10,4,0,0,0,01
4114,2017-10,4,0,0,0,01
4115,2017-10,4,0,0,0,01
4116,2017-10,4,0,0,0,01
4117,2017-10,4,0,0,0,01
4118,2017-10,4,0,0,0,01
4119,2017-10,4,0,0,0,01
4120,2017-10,4,0,0,0,01
4121,2017-10,4,0,0,0,01
4122,2017-10,4,0,0,0,01
4123,2017-10,4,0,0,0,01
4124,2017-10,4,0,0,0,01
4125,2017-10,4,0,0,0,01
4126,2017-10,4,0,0,0,01
4127,2017-10,4,0,0,0,01
4128,2017-10,4,0,0,0,01
4129,2017-10,4,0,0,0,01
4130,2017-10,4,0,0,0,01
4131,2017-10,4,0,0,0,001
4132,2017-10,4,0,0,0,001
4133,2017-10,4,0,0,0,001
4134,2017-10,4,0,0,0,001
4135,2017-10,4,0,0,0,001
4136,2017-10,4,0,0,0,001
4137,2017-10,4,0,0,0,001
4138,2017-10,4,0,0,0,001
4139,2017-10,4,0,0,0,01
4140,2017-10,4,0,0,0,01
4141,2017-10,4,0,0,0,01
4142,2017-10,4,0,0,0,01
4143,2017-10,4,0,0,0,01
4144,2017-10,4,0,0,0,01
4145,2017-10,4,0,0,0,01
4146,2017-10,4,0,0,0,01
4147,2017-10,4,0,0,0,001
4148,2017-10,4,0,0,0,001
4149,2017-10,4,0,0,0,001
4150,2017-10,4,0,0,0,001
4151,2017-10,4,0,0,0,00001
4152,2017-10,4,0,0,0,001
4153,2017-10,4,0,0,0,001
4154,2017-10,4,0,0,0,001
4155,2017-10,4,0,0,0,001
4156,2017-10,4,0,0,0,001
4157,2017-10,4,0,0,0,001
4158,2017-10,4,0,0,0,001
4159,2017-10,4,0,0,0,001
4160,2017-10,4,0,0,0,001
4161,2017-10,4,0,0,0,001
4162,2017-10,4,0,0,0,001
4163,2017-10,4,0,0,0,001
4164,2017-10,4,0,0,0,001
4165,2017-10,4,0,0,0,001
4166,2017-10,4,0,0,0,001
4167,2017-10,4,0,0,0,001
4168,2017-10,4,0,0,0,1
4169,2017-10,4,0,0,0,001
4170,2017-10,4,0,0,0,001
4171,2017-10,4,0,0,0,001
4172,2017-10,4,0,0,0,001
4173,2017-10,4,0,0,0,001
4174,2017-10,4,0,0,0,001
4175,2017-10,4,0,0,0,001
4176,2017-10,4,0,0,0,001
4177,2017-10,4,0,0,0,1
4178,2017-10,4,0,0,0,001
4179,2017-10,4,0,0,0,001
4180,2017-10,4,0,0,0,1
4181,2017-10,4,0,0,0,001
4182,2017-10,4,0,0,0,001
4183,2017-10,4,0,0,0,001
4184,2017-10,4,0,0,0,001
4185,2017-10,4,0,0,0,001
4186,2017-10,4,0,0,0,001
4187,2017-10,4,0,0,0,001
4188,2017-10,4,0,0,0,001
4189,2017-10,4,0,0,0,001
4190,2017-10,4,0,0,0,001
4191,2017-10,4,0,0,0,001
4192,2017-10,4,0,0,0,001
4193,2017-10,4,0,0,0,001
4194,2017-10,4,0,0,0,001
4195,2017-10,4,0,0,0,0001
4196,2017-10,4,0,0,0,001
4197,2017-10,4,0,0,0,001
4198,2017-10,4,0,0,0,001
4199,2017-10,4,0,0,0,001
4200,2017-10,4,0,0,0,1
4201,2017-10,4,0,0,0,001
4202,2017-10,4,0,0,0,001
4203,2017-10,4,0,0,0,001
4204,2017-10,4,0,0,0,001
4205,2017-10,4,0,0,0,1
4206,2017-10,4,0,0,0,001
4207,2017-10,4,0,0,0,1
4208,2017-10,4,0,0,0,1
4209,2017-10,4,0,0,0,001
4210,2017-10,4,0,0,0,001
4211,2017-10,4,0,0,0,1
4212,2017-10,4,0,0,0,1
4213,2017-10,4,0,0,0,00000
4214,2017-10,4,0,0,0,1
4215,2017-10,4,0,0,0,001
4216,2017-10,4,0,0,0,001
4217,2017-10,4,0,0,0,1
4218,2017-10,4,0,0,0,1
4219,2017-10,4,0,0,0,1
4220,2017-10,4,0,0,0,1
4221,2017-10,4,0,0,0,1
4222,2017-10,4,0,0,0,00000
4223,2017-10,4,0,0,0,001
4224,2017-10,4,0,0,0,001
4225,2017-10,4,0,0,0,001
4226,2017-10,4,0,0,0,001
4227,2017-10,4,0,0,0,001
4228,2017-10,4,0,0,0,001
4229,2017-10,4,0,0,0,001
4230,2017-10,4,0,0,0,001
4231,2017-10,4,0,0,0,001
4232,2017-10,4,0,0,0,001
4233,2017-10,4,1,0,0,001
4234,2017-10,4,1,0,0,001
4235,2017-10,4,1,0,0,001
4236,2017-10,4,0,0,0,001
4237,2017-10,4,1,0,0,1
4238,2017-10,4,0,0,0,1
4239,2017-10,4,1,0,0,1
4240,2017-10,4,1,0,0,1
4241,2017-10,4,1,0,0,1
4242,2017-10,4,0,0,0,1
4243,2017-10,4,0,0,0,1
4244,2017-10,4,0,0,0,1
4245,2017-10,4,0,0,0,001
4246,2017-10,4,0,0,0,001
4247,2017-10,4,0,0,0,001
4248,2017-10,4,0,0,0,001
4249,2017-10,4,0,0,0,001
4250,2017-10,4,0,0,0,001
4251,2017-10,4,0,0,0,001
4252,2017-10,4,0,0,0,001
4253,2017-10,4,0,0,0,001
4254,2017-10,4,0,0,0,001
4255,2017-10,4,0,0,0,001
4256,2017-10,4,0,0,0,001
4257,2017-10,4,0,0,0,001
4258,2017-10,4,0,0,0,001
4259,2017-10,4,0,0,0,00001
4260,2017-10,4,0,0,0,1
4261,2017-10,4,0,0,0,001
4262,2017-10,4,0,0,0,001
4263,2017-10,4,0,0,0,001
4264,2017-10,4,0,0,0,001
4265,2017-10,4,0,0,0,001
4266,2017-10,4,0,0,0,001
4267,2017-10,4,0,0,0,001
4268,2017-10,4,0,0,0,001
4269,2017-10,4,0,0,0,001
4270,2017-10,4,0,0,0,1
4271,2017-10,4,0,0,0,001
4272,2017-10,4,0,0,0,001
4273,2017-10,4,0,0,0,001
4274,2017-10,4,0,0,0,1
4275,2017-10,4,0,0,0,1
4276,2017-10,4,0,0,0,001
4277,2017-10,4,0,0,0,001
4278,2017-10,4,0,0,0,001
4279,2017-10,4,0,0,0,001
4280,2017-10,4,0,0,0,001
4281,2017-10,4,0,0,0,001
4282,2017-10,4,1,0,0,001
4283,2017-10,4,1,0,0,001
4284,2017-10,4,0,0,0,001
4285,2017-10,4,1,0,0,001
4286,2017-10,4,0,0,0,001
4287,2017-10,4,0,0,0,001
4288,2017-10,4,0,0,0,001
4289,2017-10,4,1,0,0,001
4290,2017-10,4,0,0,0,001
4291,2017-10,4,0,0,0,001
4292,2017-10,4,0,0,0,001
4293,2017-10,4,0,0,0,001
4294,2017-10,4,0,0,0,001
4295,2017-10,4,0,0,0,001
4296,2017-10,4,0,0,0,001
4297,2017-10,4,0,0,0,001
4298,2017-10,4,0,0,0,001
4299,2017-10,4,0,0,0,001
4300,2017-10,4,0,0,0,001
4301,2017-10,4,0,0,0,001
4302,2017-10,4,0,0,0,001
4303,2017-10,4,0,0,0,001
4304,2017-10,4,0,0,0,001
4305,2017-10,4,0,0,0,001
4306,2017-10,4,0,0,0,001
4307,2017-10,4,0,0,0,001
4308,2017-10,4,0,0,0,001
4309,2017-10,4,0,0,0,001
4310,2017-10,4,0,0,0,001
4311,2017-10,4,0,0,0,001
4312,2017-10,4,0,0,0,001
4313,2017-10,4,0,0,0,001
4314,2017-10,4,0,0,0,001
4315,2017-10,4,0,0,0,001
4316,2017-10,4,0,0,0,001
4317,2017-10,4,0,0,0,001
4318,2017-10,4,0,0,0,001
4319,2017-10,4,0,0,0,001
4320,2017-10,4,0,0,0,001
4321,2017-10,4,0,0,0,001
4322,2017-10,4,0,0,0,001
4323,2017-10,4,0,0,0,001
4324,2017-10,4,0,0,0,001
4325,2017-10,4,0,0,0,001
4326,2017-10,4,0,0,0,001
4327,2017-10,4,0,0,0,1
4328,2017-10,4,1,0,0,001
4329,2017-10,4,1,0,0,001
4330,2017-10,4,1,0,0,001
4331,2017-10,4,0,0,0,1
4332,2017-10,4,0,0,0,001
4333,2017-10,4,0,0,0,001
4334,2017-10,4,0,0,0,001
4335,2017-10,4,0,0,0,001
4336,2017-10,4,0,0,0,001
4337,2017-10,4,0,0,0,001
4338,2017-10,4,0,0,0,001
4339,2017-10,4,0,0,0,001
4340,2017-10,4,1,0,0,1
4341,2017-10,4,1,0,0,001
4342,2017-10,4,0,0,0,001
4343,2017-10,4,0,0,0,001
4344,2017-10,4,1,0,0,1
4345,2017-10,4,0,0,0,1
4346,2017-10,4,0,0,0,1
4347,2017-10,4,0,0,0,001
4348,2017-10,4,0,0,0,1
4349,2017-10,4,0,0,0,1
4350,2017-10,4,1,0,0,1
4351,2017-10,4,0,0,0,1
4352,2017-10,4,0,0,0,1
4353,2017-10,4,0,0,0,1
4354,2017-10,4,1,0,0,1
4355,2017-10,4,0,0,0,1
4356,2017-10,4,0,0,0,1
4357,2017-10,4,0,0,0,001
4358,2017-10,4,0,0,0,1
4359,2017-10,4,0,0,0,1
4360,2017-10,4,0,0,0,1
4361,2017-10,4,0,0,0,1
4362,2017-10,4,0,0,0,001
4363,2017-10,4,0,0,0,0001
4364,2017-10,4,0,0,0,001
4365,2017-10,4,0,0,0,1
4366,2017-10,4,0,0,0,001
4367,2017-10,4,0,0,0,001
4368,2017-10,4,0,0,0,001
4369,2017-10,4,0,0,0,001
4370,2017-10,4,0,0,0,001
4371,2017-10,4,0,0,0,1
4372,2017-10,4,0,0,0,001
4373,2017-10,4,1,0,0,001
4374,2017-10,4,0,0,0,001
4375,2017-10,4,0,1,0,00000
4376,2017-10,4,0,0,0,1
4377,2017-10,4,0,0,0,1
4378,2017-10,4,0,0,0,1
4379,2017-10,4,0,0,0,1
4380,2017-10,4,0,0,0,1
4381,2017-10,4,0,0,0,001
4382,2017-10,4,0,0,0,1
4383,2017-10,4,0,0,0,1
4384,2017-10,4,0,0,0,001
4385,2017-10,4,0,0,0,1
4386,2017-10,4,0,0,0,001
4387,2017-10,4,0,0,0,1
4388,2017-10,4,0,0,0,1
4389,2017-10,4,0,0,0,1
4390,2017-10,4,0,0,0,1
4391,2017-10,4,0,0,0,1
4392,2017-10,4,0,0,0,1
4393,2017-10,4,0,0,0,1
4394,2017-10,4,0,0,0,001
4395,2017-10,4,0,0,0,1
4396,2017-10,4,0,0,0,001
4397,2017-10,4,0,0,0,1
4398,2017-10,4,0,0,0,001
4399,2017-10,4,0,0,0,001
4400,2017-10,4,0,0,0,001
4401,2017-10,4,0,0,0,001
4402,2017-10,4,0,0,0,001
4403,2017-10,4,0,0,0,1
4404,2017-10,4,0,0,0,001
4405,2017-10,4,0,0,0,001
4406,2017-10,4,0,0,0,001
4407,2017-10,4,0,0,0,001
4408,2017-10,4,0,0,0,001
4409,2017-10,4,0,0,0,001
4410,2017-10,4,0,0,0,001
4411,2017-10,4,0,0,0,001
4412,2017-10,4,0,0,0,001
4413,2017-10,4,0,0,0,001
4414,2017-10,4,0,0,0,001
4415,2017-10,4,0,0,0,001
4416,2017-10,4,0,0,0,001
4417,2017-10,4,0,0,0,1
4418,2017-10,4,0,0,0,001
4419,2017-10,4,0,0,0,001
4420,2017-10,4,0,0,0,001
4421,2017-10,4,0,0,0,001
4422,2017-10,4,0,0,0,001
4423,2017-10,4,0,0,0,001
4424,2017-10,4,0,0,0,001
4425,2017-10,4,0,0,0,001
4426,2017-10,4,0,0,0,00001
4427,2017-10,4,0,0,0,001
4428,2017-10,4,0,0,0,001
4429,2017-10,4,0,0,0,001
4430,2017-10,4,0,0,0,001
4431,2017-10,4,0,0,0,001
4432,2017-10,4,0,0,0,1
4433,2017-10,4,1,0,0,001
4434,2017-10,4,0,0,0,001
4435,2017-10,4,1,0,0,01
4436,2017-10,4,1,0,0,001
4474,2017-10,4,0,0,0,001
4483,2017-10,4,0,0,0,001
4484,2017-10,4,0,0,0,001
4485,2017-10,4,0,0,0,001
4486,2017-10,4,0,0,0,001
4487,2017-10,4,0,0,0,001
4488,2017-10,4,0,0,0,001
4489,2017-10,4,0,0,0,001
4490,2017-10,4,0,0,0,001
4491,2017-10,4,0,0,0,001
4492,2017-10,4,0,0,0,001
4493,2017-10,4,0,0,0,001
4494,2017-10,4,0,0,0,001
4495,2017-10,4,0,0,0,001
4496,2017-10,4,0,0,0,00000
4497,2017-10,4,0,0,0,001
4498,2017-10,4,0,0,0,00000
4499,2017-10,4,0,0,0,001
4500,2017-10,4,0,0,0,001
4501,2017-10,4,0,0,0,00000
4502,2017-10,4,0,0,0,00001
4503,2017-10,4,0,0,0,001
4504,2017-10,4,0,0,0,00000
4505,2017-10,4,0,0,0,001
4506,2017-10,4,0,0,0,001
4507,2017-10,4,0,0,0,001
4508,2017-10,4,0,0,0,001
4509,2017-10,4,0,0,0,001
4510,2017-10,4,0,0,0,001
4512,2017-10,4,0,0,0,001
4513,2017-10,4,0,0,0,001
4514,2017-10,4,0,0,0,001
4515,2017-10,4,0,0,0,001
4516,2017-10,4,0,0,0,001
4517,2017-10,4,0,0,0,001
4518,2017-10,4,0,0,0,001
4519,2017-10,4,0,0,0,001
4520,2017-10,4,0,0,0,001
4521,2017-10,4,0,0,0,001
4522,2017-10,4,0,0,0,001
4523,2017-10,4,0,0,0,001
4524,2017-10,4,0,0,0,001
4525,2017-10,4,0,0,0,001
4526,2017-10,4,0,0,0,001
4527,2017-10,4,0,0,0,001
4528,2017-10,4,0,0,0,001
4529,2017-10,4,0,0,0,00000
4530,2017-10,4,0,0,0,00000
4531,2017-10,4,0,0,0,001
4532,2017-10,4,0,0,0,001
4533,2017-10,4,0,0,0,00000
4534,2017-10,4,0,0,0,001
4535,2017-10,4,0,0,0,001
4536,2017-10,4,0,0,0,001
4537,2017-10,4,0,0,0,001
4538,2017-10,4,0,0,0,00000
4539,2017-10,4,0,0,0,00000
4540,2017-10,4,0,0,0,001
4541,2017-10,4,0,0,0,00000
4542,2017-10,4,0,0,0,00000
4544,2017-10,4,0,0,0,001
4545,2017-10,4,0,0,0,001
4546,2017-10,4,0,0,0,001
4547,2017-10,4,0,0,0,001
4548,2017-10,4,0,0,0,001
4549,2017-10,4,0,0,0,001
4550,2017-10,4,0,0,0,001
4551,2017-10,4,0,0,0,001
4552,2017-10,4,0,0,0,001
4553,2017-10,4,0,0,0,00000
4554,2017-10,4,0,0,0,001
4555,2017-10,4,0,0,0,001
4556,2017-10,4,0,0,0,001
4557,2017-10,4,0,0,0,001
4558,2017-10,4,0,0,0,00001
4559,2017-10,4,0,0,0,001
4560,2017-10,4,0,0,0,001
4562,2017-10,4,0,0,0,00000
4563,2017-10,4,0,0,0,001
4564,2017-10,4,0,0,0,001
4565,2017-10,4,0,0,0,001
4566,2017-10,4,1,1,1,1
4567,2017-10,4,1,1,1,1
4568,2017-10,4,0,0,0,001
4569,2017-10,4,1,0,0,001
4570,2017-10,4,1,1,1,1
4571,2017-10,4,1,1,1,1
4572,2017-10,4,1,1,1,1
4573,2017-10,4,0,0,0,001
4574,2017-10,4,1,0,0,001
4575,2017-10,4,1,1,1,1
4576,2017-10,4,1,1,1,1
4577,2017-10,4,0,0,0,001
4578,2017-10,4,1,0,0,001
4579,2017-10,4,1,1,1,1
4580,2017-10,4,1,1,1,1
4581,2017-10,4,1,0,0,1
4582,2017-10,4,1,1,1,1
4583,2017-10,4,1,1,1,1
4584,2017-10,4,1,1,1,1
4585,2017-10,4,1,1,1,1
4586,2017-10,4,1,1,1,1
4587,2017-10,4,1,1,1,1
4588,2017-10,4,1,1,1,1
4589,2017-10,4,1,1,1,1
4590,2017-10,4,1,1,1,1
4591,2017-10,4,0,0,0,001
4592,2017-10,4,1,1,1,1
4593,2017-10,4,1,1,1,1
4594,2017-10,4,1,1,1,1
4595,2017-10,4,1,1,1,1
4596,2017-10,4,1,1,1,1
4597,2017-10,4,1,1,1,1
4598,2017-10,4,1,1,1,1
4599,2017-10,4,1,1,1,1
4600,2017-10,4,1,0,0,001
4601,2017-10,4,1,1,1,1
4602,2017-10,4,1,1,1,1
4603,2017-10,4,1,1,1,1
4604,2017-10,4,1,1,1,1
4606,2017-10,4,1,0,0,1
4607,2017-10,4,0,0,0,001
4608,2017-10,4,1,0,0,001
4609,2017-10,4,1,1,1,1
4610,2017-10,4,1,1,1,1
4611,2017-10,4,1,1,1,1
4612,2017-10,4,1,1,1,1
4613,2017-10,4,1,0,0,1
4614,2017-10,4,1,1,1,1
4615,2017-10,4,1,0,0,1
4616,2017-10,4,1,1,1,1
4617,2017-10,4,1,1,1,1
4618,2017-10,4,1,0,0,1
4619,2017-10,4,1,0,0,1
4620,2017-10,4,1,0,0,1
4621,2017-10,4,1,0,0,1
4622,2017-10,4,1,0,0,1
4623,2017-10,4,1,1,1,1
4624,2017-10,4,1,1,1,1
4625,2017-10,4,1,1,1,1
4626,2017-10,4,1,0,0,1
4627,2017-10,4,1,0,0,1
4628,2017-10,4,1,1,1,1
4629,2017-10,4,1,1,1,1
4630,2017-10,4,1,1,1,1
4631,2017-10,4,1,1,1,1
4632,2017-10,4,1,1,1,1
4633,2017-10,4,1,1,1,1
4634,2017-10,4,1,1,1,1
4635,2017-10,4,1,1,1,1
4636,2017-10,4,1,1,1,1
4637,2017-10,4,1,1,1,1
4638,2017-10,4,1,1,1,1
4639,2017-10,4,1,1,1,1
4640,2017-10,4,1,0,0,1
4641,2017-10,4,1,1,1,1
4642,2017-10,4,1,1,1,1
4643,2017-10,4,1,0,0,1
4644,2017-10,4,1,1,1,1
4645,2017-10,4,1,1,1,1
4646,2017-10,4,1,1,1,1
4647,2017-10,4,1,1,1,1
4648,2017-10,4,1,1,1,1
4649,2017-10,4,1,1,1,1
4650,2017-10,4,1,1,1,1
4651,2017-10,4,1,1,1,1
4652,2017-10,4,1,1,1,1
4653,2017-10,4,1,1,1,1
4654,2017-10,4,1,1,1,1
4655,2017-10,4,1,1,1,1
4656,2017-10,4,1,1,1,1
4657,2017-10,4,1,1,1,1
4658,2017-10,4,1,1,1,1
4659,2017-10,4,1,0,0,1
4660,2017-10,4,1,0,0,1
4661,2017-10,4,1,0,0,1
4662,2017-10,4,1,1,1,1
4663,2017-10,4,1,1,1,1
4664,2017-10,4,1,1,1,1
4665,2017-10,4,1,1,1,1
4666,2017-10,4,1,0,0,1
4667,2017-10,4,1,1,1,1
4668,2017-10,4,1,1,1,1
4669,2017-10,4,1,1,1,1
4670,2017-10,4,1,1,1,1
4671,2017-10,4,1,1,1,1
4672,2017-10,4,1,1,1,1
4673,2017-10,4,1,1,1,1
4674,2017-10,4,1,1,1,1
4675,2017-10,4,1,1,1,1
4676,2017-10,4,1,1,1,1
4677,2017-10,4,1,1,1,1
4678,2017-10,4,1,1,1,1
4679,2017-10,4,1,1,1,1
4680,2017-10,4,1,1,1,1
4681,2017-10,4,1,1,1,1
4682,2017-10,4,1,1,1,1
4683,2017-10,4,1,1,1,1
4684,2017-10,4,1,1,1,1
4685,2017-10,4,1,1,1,1
4686,2017-10,4,1,0,0,1
4687,2017-10,4,1,1,1,1
4688,2017-10,4,1,1,1,1
4689,2017-10,4,1,1,1,1
4690,2017-10,4,1,1,1,1
4691,2017-10,4,1,1,1,1
4692,2017-10,4,1,0,0,1
4693,2017-10,4,1,1,1,1
4694,2017-10,4,1,1,1,1
4695,2017-10,4,1,1,1,1
4696,2017-10,4,1,1,1,1
4697,2017-10,4,1,1,1,1
4698,2017-10,4,1,1,1,1
4699,2017-10,4,1,0,0,1
4700,2017-10,4,1,1,1,1
4701,2017-10,4,1,1,1,1
4702,2017-10,4,1,1,1,1
4703,2017-10,4,1,0,0,1
4704,2017-10,4,1,1,1,1
4705,2017-10,4,1,1,1,1
4706,2017-10,4,1,1,1,1
4707,2017-10,4,1,1,1,1
4708,2017-10,4,1,1,1,1
4709,2017-10,4,1,1,1,1
4710,2017-10,4,1,1,1,1
4711,2017-10,4,0,0,0,0001
4712,2017-10,4,0,0,0,0001
4713,2017-10,4,0,0,0,0001
4714,2017-10,4,0,0,0,0001
4715,2017-10,4,0,0,0,0001
4716,2017-10,4,1,0,0,001
4717,2017-10,4,0,0,0,001
4718,2017-10,4,0,0,0,001
4719,2017-10,4,0,0,0,001
4720,2017-10,4,0,0,0,001
4721,2017-10,4,0,0,0,001
4722,2017-10,4,0,0,0,001
4723,2017-10,4,0,0,0,001
4724,2017-10,4,0,0,0,001
4725,2017-10,4,0,0,0,001
4726,2017-10,4,0,0,0,001
4727,2017-10,4,0,0,0,001
4728,2017-10,4,0,0,0,001
4729,2017-10,4,0,0,0,001
4730,2017-10,4,0,0,0,001
4731,2017-10,4,0,0,0,00000
4732,2017-10,4,0,0,0,001
4733,2017-10,4,0,0,0,00000
4734,2017-10,4,0,0,0,001
4735,2017-10,4,0,0,0,001
4736,2017-10,4,0,0,0,001
4737,2017-10,4,0,0,0,0001
4738,2017-10,4,0,0,0,001
4739,2017-10,4,0,0,0,001
4740,2017-10,4,0,0,0,001
4741,2017-10,4,0,0,0,001
4742,2017-10,4,0,0,0,001
4743,2017-10,4,0,0,0,001
4744,2017-10,4,0,0,0,001
4745,2017-10,4,0,0,0,001
4746,2017-10,4,0,0,0,001
4747,2017-10,4,0,0,0,001
4748,2017-10,4,0,0,0,001
4749,2017-10,4,0,0,0,001
4750,2017-10,4,0,0,0,001
4751,2017-10,4,0,0,0,001
4752,2017-10,4,0,0,0,001
4753,2017-10,4,0,0,0,001
4754,2017-10,4,0,0,0,001
4755,2017-10,4,0,0,0,001
4756,2017-10,4,0,0,0,001
4757,2017-10,4,0,0,0,001
4758,2017-10,4,0,0,0,001
4759,2017-10,4,0,0,0,001
4760,2017-10,4,0,0,0,001
4761,2017-10,4,0,0,0,001
4762,2017-10,4,0,0,0,001
4763,2017-10,4,0,0,0,001
4764,2017-10,4,0,0,0,001
4765,2017-10,4,0,0,0,001
4766,2017-10,4,0,0,0,001
4767,2017-10,4,0,0,0,001
4768,2017-10,4,0,0,0,001
4769,2017-10,4,0,0,0,001
4770,2017-10,4,0,0,0,001
4771,2017-10,4,0,0,0,001
4772,2017-10,4,0,0,0,001
4773,2017-10,4,1,0,0,001
4774,2017-10,4,0,0,0,001
4775,2017-10,4,0,0,0,001
4776,2017-10,4,0,0,0,001
4777,2017-10,4,0,0,0,001
4778,2017-10,4,0,0,0,001
4779,2017-10,4,0,0,0,001
4780,2017-10,4,0,0,0,001
4781,2017-10,4,0,0,0,001
4782,2017-10,4,0,0,0,001
4783,2017-10,4,0,0,0,001
4784,2017-10,4,0,0,0,001
4785,2017-10,4,0,0,0,001
4786,2017-10,4,0,0,0,001
4787,2017-10,4,0,0,0,001
4788,2017-10,4,0,0,0,001
4789,2017-10,4,0,0,0,001
4790,2017-10,4,0,0,0,001
4791,2017-10,4,0,0,0,001
4792,2017-10,4,0,0,0,001
4793,2017-10,4,0,0,0,001
4794,2017-10,4,0,0,0,001
4795,2017-10,4,0,0,0,001
4796,2017-10,4,0,0,0,001
4797,2017-10,4,0,0,0,001
4798,2017-10,4,0,0,0,001
4799,2017-10,4,0,0,0,001
4800,2017-10,4,0,0,0,001
4801,2017-10,4,0,0,0,001
4802,2017-10,4,0,0,0,0001
4803,2017-10,4,0,0,0,001
4804,2017-10,4,0,0,0,001
4805,2017-10,4,0,0,0,001
4806,2017-10,4,0,0,0,001
4807,2017-10,4,0,0,0,001
4808,2017-10,4,0,0,0,001
4809,2017-10,4,0,0,0,001
4810,2017-10,4,0,0,0,001
4811,2017-10,4,0,0,0,001
4812,2017-10,4,0,0,0,001
4813,2017-10,4,0,0,0,00001
4814,2017-10,4,0,0,0,0001
4815,2017-10,4,0,0,0,00001
4816,2017-10,4,0,0,0,00001
4817,2017-10,4,0,0,0,00001
4818,2017-10,4,0,0,0,00001
4819,2017-10,4,0,0,0,001
4820,2017-10,4,0,0,0,001
4821,2017-10,4,0,0,0,001
4822,2017-10,4,0,0,0,001
4823,2017-10,4,0,0,0,001
4824,2017-10,4,0,0,0,001
4825,2017-10,4,0,0,0,001
4826,2017-10,4,0,0,0,001
4827,2017-10,4,0,0,0,001
4828,2017-10,4,0,0,0,001
4829,2017-10,4,0,0,0,001
4830,2017-10,4,0,0,0,001
4831,2017-10,4,0,0,0,001
4832,2017-10,4,0,0,0,001
4833,2017-10,4,0,0,0,001
4834,2017-10,4,0,0,0,001
4835,2017-10,4,0,0,0,001
4836,2017-10,4,0,0,0,001
4837,2017-10,4,0,0,0,001
4838,2017-10,4,0,0,0,001
4839,2017-10,4,0,0,0,001
4840,2017-10,4,0,0,0,001
4841,2017-10,4,0,0,0,001
4842,2017-10,4,0,0,0,001
4843,2017-10,4,0,0,0,001
4844,2017-10,4,0,0,0,001
4845,2017-10,4,0,0,0,001
4846,2017-10,4,0,0,0,001
4847,2017-10,4,0,0,0,001
4848,2017-10,4,0,0,0,001
4849,2017-10,4,0,0,0,001
4850,2017-10,4,0,0,0,001
4851,2017-10,4,0,0,0,001
4852,2017-10,4,0,0,0,001
4853,2017-10,4,0,0,0,001
4854,2017-10,4,0,0,0,001
4855,2017-10,4,0,0,0,001
4856,2017-10,4,0,0,0,001
4857,2017-10,4,0,0,0,001
4858,2017-10,4,0,0,0,001
4859,2017-10,4,0,0,0,001
4860,2017-10,4,0,0,0,001
4861,2017-10,4,0,0,0,0001
4862,2017-10,4,0,0,0,00001
4863,2017-10,4,0,0,0,001
4864,2017-10,4,0,0,0,001
4865,2017-10,4,0,0,0,001
4866,2017-10,4,0,0,0,001
4867,2017-10,4,0,0,0,001
4868,2017-10,4,0,0,0,001
4869,2017-10,4,0,0,0,001
4870,2017-10,4,0,0,0,00001
4871,2017-10,4,0,0,0,0001
4872,2017-10,4,0,0,0,001
4873,2017-10,4,0,0,0,001
4874,2017-10,4,0,0,0,0001
4875,2017-10,4,0,0,0,001
4876,2017-10,4,0,0,0,0001
4877,2017-10,4,0,0,0,001
4878,2017-10,4,0,0,0,001
4879,2017-10,4,0,0,0,001
4880,2017-10,4,0,0,0,001
4881,2017-10,4,0,0,0,0001
4882,2017-10,4,0,0,0,0001
4883,2017-10,4,0,0,0,001
4884,2017-10,4,0,0,0,001
4885,2017-10,4,0,0,0,0001
4886,2017-10,4,0,0,0,001
4887,2017-10,4,0,0,0,0001
4888,2017-10,4,0,0,0,0001
4889,2017-10,4,0,0,0,0001
4890,2017-10,4,0,0,0,0001
4891,2017-10,4,0,0,0,001
4892,2017-10,4,0,0,0,001
4893,2017-10,4,0,0,0,0001
4894,2017-10,4,0,0,0,0001
4895,2017-10,4,0,0,0,0001
4896,2017-10,4,0,0,0,0001
4897,2017-10,4,0,0,0,0001
4898,2017-10,4,0,0,0,0001
4899,2017-10,4,0,0,0,0001
4900,2017-10,4,0,0,0,0001
4901,2017-10,4,0,0,0,0001
4902,2017-10,4,0,0,0,0001
4903,2017-10,4,0,0,0,0001
4904,2017-10,4,0,0,0,0001
4905,2017-10,4,0,0,0,001
4906,2017-10,4,0,0,0,0001
4907,2017-10,4,0,0,0,001
4908,2017-10,4,0,0,0,0001
4909,2017-10,4,0,0,0,001
4910,2017-10,4,0,0,0,001
4911,2017-10,4,0,0,0,0001
4912,2017-10,4,0,0,0,0001
4913,2017-10,4,0,0,0,001
4914,2017-10,4,0,0,0,001
4915,2017-10,4,0,0,0,0001
4916,2017-10,4,0,0,0,0001
4917,2017-10,4,0,0,0,0001
4918,2017-10,4,0,0,0,0001
4919,2017-10,4,0,0,0,0001
4920,2017-10,4,0,0,0,0001
4921,2017-10,4,0,0,0,0001
4922,2017-10,4,0,0,0,0001
4923,2017-10,4,0,0,0,0001
4924,2017-10,4,0,0,0,0001
4925,2017-10,4,0,0,0,0001
4926,2017-10,4,0,0,0,0001
4927,2017-10,4,0,0,0,0001
4928,2017-10,4,0,0,0,0001
4929,2017-10,4,0,0,0,0001
4930,2017-10,4,0,0,0,0001
4931,2017-10,4,0,0,0,0001
4932,2017-10,4,0,0,0,00000
4933,2017-10,4,0,0,0,0001
4934,2017-10,4,0,0,0,0001
4935,2017-10,4,0,0,0,0001
4936,2017-10,4,0,0,0,0001
4937,2017-10,4,0,0,0,0001
4938,2017-10,4,0,0,0,0001
4939,2017-10,4,0,0,0,0001
4940,2017-10,4,0,0,0,0001
4941,2017-10,4,0,0,0,0001
4942,2017-10,4,1,0,0,0001
4943,2017-10,4,1,0,0,0001
4944,2017-10,4,0,0,0,0001
4945,2017-10,4,0,0,0,0001
4946,2017-10,4,0,0,0,0001
4947,2017-10,4,0,0,0,0001
4948,2017-10,4,0,0,0,0001
4949,2017-10,4,0,0,0,0001
4950,2017-10,4,0,0,0,0001
4951,2017-10,4,0,0,0,0001
4952,2017-10,4,0,0,0,001
4953,2017-10,4,0,0,0,0001
4954,2017-10,4,0,0,0,0001
4955,2017-10,4,1,0,0,0001
4956,2017-10,4,0,0,0,0001
4957,2017-10,4,0,0,0,0001
4958,2017-10,4,0,0,0,0001
4959,2017-10,4,0,0,0,0001
4960,2017-10,4,0,0,0,0001
4961,2017-10,4,0,0,0,0001
4962,2017-10,4,0,0,0,0001
4963,2017-10,4,0,0,0,0001
4964,2017-10,4,0,0,0,0001
4965,2017-10,4,0,0,0,0001
4966,2017-10,4,0,0,0,0001
4967,2017-10,4,0,0,0,0001
4968,2017-10,4,0,0,0,0001
4969,2017-10,4,0,0,0,0001
4970,2017-10,4,0,0,0,0001
4971,2017-10,4,0,0,0,0001
4972,2017-10,4,0,0,0,0001
4973,2017-10,4,0,0,0,0001
4974,2017-10,4,0,0,0,0001
4975,2017-10,4,0,0,0,0001
4976,2017-10,4,0,0,0,0001
4977,2017-10,4,0,0,0,0001
4978,2017-10,4,0,0,0,0001
4979,2017-10,4,0,0,0,0001
4980,2017-10,4,0,0,0,0001
4981,2017-10,4,0,0,0,0001
4982,2017-10,4,0,0,0,0001
4983,2017-10,4,0,0,0,0001
4984,2017-10,4,0,0,0,0001
4985,2017-10,4,0,0,0,0001
4986,2017-10,4,0,0,0,0001
4987,2017-10,4,0,0,0,00000
4988,2017-10,4,0,0,0,0001
4989,2017-10,4,0,0,0,0001
4990,2017-10,4,0,0,0,0001
4991,2017-10,4,0,0,0,0001
4992,2017-10,4,0,0,0,0001
4993,2017-10,4,0,0,0,0001
4994,2017-10,4,0,0,0,0001
4995,2017-10,4,0,0,0,00001
4996,2017-10,4,0,0,0,0001
4997,2017-10,4,0,0,0,0001
4998,2017-10,4,0,0,0,00001
4999,2017-10,4,0,0,0,0001
5000,2017-10,4,0,0,0,0001
5001,2017-10,4,0,0,0,0001
5002,2017-10,4,0,0,0,0001
5003,2017-10,4,0,0,0,0001
5004,2017-10,4,0,0,0,0001
5005,2017-10,4,0,0,0,0001
5006,2017-10,4,0,0,0,0001
5007,2017-10,4,0,0,0,0001
5008,2017-10,4,0,0,0,0001
5009,2017-10,4,0,0,0,0001
5010,2017-10,4,0,0,0,0001
5011,2017-10,4,0,0,0,0001
5012,2017-10,4,0,0,0,0001
5013,2017-10,4,0,0,0,0001
5014,2017-10,4,0,0,0,0001
5015,2017-10,4,0,0,0,0001
5016,2017-10,4,0,0,0,00001
5017,2017-10,4,0,0,0,0001
5018,2017-10,4,0,0,0,0001
5019,2017-10,4,0,0,0,0001
5020,2017-10,4,0,0,0,0001
5021,2017-10,4,0,0,0,0001
5022,2017-10,4,0,0,0,0001
5023,2017-10,4,0,0,0,0001
5024,2017-10,4,0,0,0,00001
5025,2017-10,4,0,0,0,0001
5026,2017-10,4,0,0,0,00001
5027,2017-10,4,0,0,0,0001
5028,2017-10,4,0,0,0,00001
5029,2017-10,4,0,0,0,00001
5030,2017-10,4,0,0,0,0001
5031,2017-10,4,0,0,0,00001
5032,2017-10,4,0,0,0,0001
5033,2017-10,4,0,0,0,00001
5034,2017-10,4,0,0,0,00001
5035,2017-10,4,0,0,0,00001
5036,2017-10,4,0,0,0,0001
5037,2017-10,4,0,0,0,00001
5038,2017-10,4,0,0,0,0001
5039,2017-10,4,0,0,0,0001
5040,2017-10,4,0,0,0,00001
5041,2017-10,4,0,0,0,00001
5042,2017-10,4,0,0,0,00001
5043,2017-10,4,0,0,0,00001
5044,2017-10,4,0,0,0,00001
5045,2017-10,4,0,0,0,00001
5046,2017-10,4,0,0,0,0001
5047,2017-10,4,0,0,0,00001
5048,2017-10,4,0,0,0,00001
5049,2017-10,4,0,0,0,00001
5050,2017-10,4,0,0,0,00001
5051,2017-10,4,0,0,0,00001
5052,2017-10,4,0,0,0,00000
5053,2017-10,4,0,0,0,00001
5054,2017-10,4,0,0,0,00000
5055,2017-10,4,0,0,0,00000
5056,2017-10,4,0,0,0,00001
5057,2017-10,4,0,0,0,00000
5058,2017-10,4,0,0,0,0001
5059,2017-10,4,0,0,0,00000
5060,2017-10,4,0,0,0,00000
5061,2017-10,4,0,0,0,00001
5062,2017-10,4,0,0,0,00001
5063,2017-10,4,0,0,0,00001
5064,2017-10,4,0,0,0,00001
5065,2017-10,4,0,0,0,00001
5066,2017-10,4,0,0,0,00001
5067,2017-10,4,0,0,0,00001
5068,2017-10,4,0,0,0,00001
5069,2017-10,4,0,0,0,00001
5070,2017-10,4,0,0,0,00001
5071,2017-10,4,0,0,0,00001
5072,2017-10,4,0,0,0,00001
5073,2017-10,4,0,0,0,00001
5074,2017-10,4,0,0,0,00000
5075,2017-10,4,0,0,0,00001
5076,2017-10,4,0,0,0,00001
5077,2017-10,4,0,0,0,00001
5078,2017-10,4,0,0,0,00001
5079,2017-10,4,0,0,0,00000
5080,2017-10,4,0,0,0,00001
5081,2017-10,4,0,0,0,00001
5082,2017-10,4,0,0,0,00000
5083,2017-10,4,0,0,0,00000
5084,2017-10,4,0,0,0,00001
5085,2017-10,4,0,0,0,00001
5086,2017-10,4,0,0,0,00001
5087,2017-10,4,0,0,0,00001
5088,2017-10,4,0,0,0,00000
5089,2017-10,4,0,0,0,00001
5090,2017-10,4,0,0,0,00001
5091,2017-10,4,0,0,0,00001
5092,2017-10,4,0,0,0,00001
5093,2017-10,4,0,0,0,00001
5094,2017-10,4,0,0,0,00001
5095,2017-10,4,0,0,0,00001
5096,2017-10,4,0,0,0,00001
5097,2017-10,4,0,0,0,00001
5098,2017-10,4,0,0,0,00001
5099,2017-10,4,0,0,0,00001
5100,2017-10,4,0,0,0,00001
5101,2017-10,4,0,0,0,00001
5102,2017-10,4,0,0,0,00001
5103,2017-10,4,0,0,0,00001
5104,2017-10,4,0,0,0,0001
5105,2017-10,4,0,0,0,00001
5106,2017-10,4,0,0,0,00001
5107,2017-10,4,0,0,0,00001
5108,2017-10,4,0,0,0,00001
5109,2017-10,4,0,0,0,0001
5110,2017-10,4,0,0,0,00001
5111,2017-10,4,0,0,0,00001
5112,2017-10,4,0,0,0,00001
5113,2017-10,4,0,0,0,00001
5114,2017-10,4,0,0,0,00001
5115,2017-10,4,0,0,0,0001
5116,2017-10,4,0,0,0,00001
5117,2017-10,4,0,0,0,00001
5118,2017-10,4,0,0,0,0001
5119,2017-10,4,0,0,0,00001
5120,2017-10,4,0,0,0,00001
5121,2017-10,4,0,0,0,00001
5122,2017-10,4,0,0,0,00001
5123,2017-10,4,0,0,0,00001
5124,2017-10,4,0,0,0,0001
5125,2017-10,4,0,0,0,0001
5126,2017-10,4,0,0,0,0001
5127,2017-10,4,0,0,0,0001
5128,2017-10,4,0,0,0,0001
5129,2017-10,4,0,0,0,0001
5130,2017-10,4,0,0,0,0001
5131,2017-10,4,0,0,0,0001
5132,2017-10,4,0,0,0,0001
5133,2017-10,4,0,0,0,0001
5134,2017-10,4,0,0,0,0001
5135,2017-10,4,0,0,0,0001
5136,2017-10,4,0,0,0,0001
5137,2017-10,4,0,0,0,0001
5138,2017-10,4,0,0,0,0001
5139,2017-10,4,0,0,0,0001
5140,2017-10,4,0,0,0,00000
5141,2017-10,4,0,0,0,0001
5142,2017-10,4,0,0,0,0001
5143,2017-10,4,0,0,0,0001
5144,2017-10,4,0,0,0,0001
5145,2017-10,4,0,0,0,0001
5146,2017-10,4,0,0,0,0001
5147,2017-10,4,0,0,0,00000
5148,2017-10,4,0,0,0,0001
5149,2017-10,4,0,0,0,0001
5150,2017-10,4,0,0,0,0001
5151,2017-10,4,0,0,0,0001
5152,2017-10,4,0,0,0,0001
5153,2017-10,4,0,0,0,0001
5154,2017-10,4,0,0,0,0001
5155,2017-10,4,0,0,0,0001
5156,2017-10,4,0,0,0,0001
5157,2017-10,4,0,0,0,0001
5158,2017-10,4,0,0,0,0001
5159,2017-10,4,0,0,0,0001
5160,2017-10,4,0,0,0,00000
5161,2017-10,4,0,0,0,0001
5162,2017-10,4,0,0,0,0001
5163,2017-10,4,0,0,0,0001
5164,2017-10,4,0,0,0,00000
5165,2017-10,4,0,0,0,0001
5166,2017-10,4,0,0,0,0001
5167,2017-10,4,0,0,0,001
5168,2017-10,4,0,0,0,0001
5169,2017-10,4,0,0,0,0001
5170,2017-10,4,0,0,0,0001
5171,2017-10,4,0,0,0,0001
5172,2017-10,4,0,0,0,0001
5173,2017-10,4,0,0,0,0001
5174,2017-10,4,0,0,0,0001
5175,2017-10,4,0,0,0,001
5176,2017-10,4,0,0,0,00001
5177,2017-10,4,0,0,0,0001
5178,2017-10,4,0,0,0,001
5179,2017-10,4,0,0,0,0001
5180,2017-10,4,0,0,0,001
5181,2017-10,4,0,0,0,0001
5182,2017-10,4,0,0,0,0001
5183,2017-10,4,0,0,0,0001
5184,2017-10,4,0,0,0,0001
5185,2017-10,4,0,0,0,0001
5186,2017-10,4,0,0,0,0001
5187,2017-10,4,0,0,0,0001
5188,2017-10,4,0,0,0,0001
5189,2017-10,4,0,0,0,0001
5190,2017-10,4,0,0,0,0001
5191,2017-10,4,0,0,0,0001
5192,2017-10,4,0,0,0,0001
5193,2017-10,4,0,0,0,0001
5194,2017-10,4,0,0,0,0001
5195,2017-10,4,0,0,0,0001
5196,2017-10,4,0,0,0,0001
5197,2017-10,4,0,0,0,00001
5198,2017-10,4,0,0,0,00001
5199,2017-10,4,0,0,0,00001
5200,2017-10,4,0,0,0,00001
5201,2017-10,4,0,0,0,0001
5202,2017-10,4,0,0,0,00001
5203,2017-10,4,0,0,0,00001
5204,2017-10,4,0,0,0,00001
5205,2017-10,4,0,0,0,00001
5206,2017-10,4,0,0,0,00001
5207,2017-10,4,0,0,0,00001
5208,2017-10,4,0,0,0,00001
5209,2017-10,4,0,0,0,0001
5210,2017-10,4,0,0,0,00000
5211,2017-10,4,1,0,0,00001
5212,2017-10,4,0,0,0,00001
5213,2017-10,4,0,0,0,00001
5214,2017-10,4,0,0,0,0001
5215,2017-10,4,0,0,0,00001
5216,2017-10,4,0,0,0,00001
5217,2017-10,4,0,0,0,00001
5218,2017-10,4,0,0,0,0001
5219,2017-10,4,0,0,0,0001
5220,2017-10,4,0,0,0,001
5221,2017-10,4,0,0,0,001
5222,2017-10,4,0,0,0,001
5223,2017-10,4,0,0,0,001
5224,2017-10,4,0,0,0,001
5225,2017-10,4,0,0,0,001
5226,2017-10,4,0,0,0,001
5227,2017-10,4,0,0,0,001
5228,2017-10,4,0,0,0,001
5229,2017-10,4,0,0,0,001
5230,2017-10,4,0,0,0,001
5231,2017-10,4,0,0,0,001
5232,2017-10,4,0,0,0,001
5233,2017-10,4,0,0,0,001
5234,2017-10,4,0,0,0,001
5235,2017-10,4,0,0,0,001
5236,2017-10,4,0,0,0,001
5237,2017-10,4,0,0,0,001
5238,2017-10,4,0,0,0,001
5239,2017-10,4,0,0,0,001
5240,2017-10,4,0,0,0,001
5241,2017-10,4,0,0,0,001
5242,2017-10,4,0,0,0,001
5243,2017-10,4,0,0,0,001
5244,2017-10,4,0,0,0,001
5245,2017-10,4,0,0,0,001
5246,2017-10,4,0,0,0,001
5247,2017-10,4,0,0,0,001
5248,2017-10,4,0,0,0,001
5249,2017-10,4,0,0,0,001
5250,2017-10,4,0,0,0,001
5251,2017-10,4,0,0,0,001
5252,2017-10,4,0,0,0,001
5253,2017-10,4,0,0,0,001
5254,2017-10,4,0,0,0,001
5255,2017-10,4,0,0,0,001
5256,2017-10,4,0,0,0,001
5257,2017-10,4,0,0,0,001
5258,2017-10,4,0,0,0,001
5259,2017-10,4,0,0,0,001
5260,2017-10,4,0,0,0,001
5261,2017-10,4,0,0,0,001
5262,2017-10,4,0,0,0,001
5263,2017-10,4,0,0,0,001
5264,2017-10,4,0,0,0,001
5265,2017-10,4,0,0,0,001
5266,2017-10,4,0,0,0,001
5267,2017-10,4,0,0,0,001
5268,2017-10,4,0,0,0,001
5269,2017-10,4,0,0,0,001
5270,2017-10,4,0,0,0,001
5271,2017-10,4,0,0,0,001
5272,2017-10,4,0,0,0,001
5273,2017-10,4,0,0,0,001
5274,2017-10,4,0,0,0,001
5275,2017-10,4,0,0,0,001
5276,2017-10,4,0,0,0,001
5277,2017-10,4,0,0,0,001
5278,2017-10,4,0,0,0,001
5279,2017-10,4,0,0,0,001
5280,2017-10,4,0,0,0,001
5281,2017-10,4,0,0,0,001
5282,2017-10,4,0,0,0,001
5283,2017-10,4,0,0,0,001
5284,2017-10,4,0,0,0,001
5285,2017-10,4,0,0,0,0001
5286,2017-10,4,0,0,0,001
5287,2017-10,4,0,0,0,001
5288,2017-10,4,0,0,0,001
5289,2017-10,4,0,0,0,001
5290,2017-10,4,0,0,0,001
5291,2017-10,4,0,0,0,001
5292,2017-10,4,0,0,0,001
5293,2017-10,4,0,0,0,001
5294,2017-10,4,0,0,0,001
5295,2017-10,4,0,0,0,001
5296,2017-10,4,0,0,0,001
5297,2017-10,4,0,0,0,001
5298,2017-10,4,0,0,0,001
5299,2017-10,4,0,0,0,001
5300,2017-10,4,0,0,0,001
5301,2017-10,4,0,0,0,001
5302,2017-10,4,0,0,0,001
5303,2017-10,4,0,0,0,001
5304,2017-10,4,0,0,0,001
5305,2017-10,4,0,0,0,001
5306,2017-10,4,0,0,0,0001
5307,2017-10,4,0,0,0,0001
5308,2017-10,4,0,0,0,0001
5309,2017-10,4,0,0,0,00001
5310,2017-10,4,0,0,0,0001
5311,2017-10,4,0,0,0,00001
5312,2017-10,4,0,0,0,01
5313,2017-10,4,0,0,0,0001
5314,2017-10,4,0,0,0,0001
5315,2017-10,4,0,0,0,0001
5316,2017-10,4,0,0,0,0001
5317,2017-10,4,0,0,0,0001
5318,2017-10,4,0,0,0,0001
5319,2017-10,4,0,0,0,0001
5320,2017-10,4,0,0,0,0001
5321,2017-10,4,0,0,0,0001
5322,2017-10,4,0,0,0,001
5323,2017-10,4,0,0,0,001
5324,2017-10,4,0,0,0,001
5325,2017-10,4,0,0,0,001
5326,2017-10,4,0,0,0,01
5327,2017-10,4,0,0,0,01
5328,2017-10,4,0,0,0,001
5329,2017-10,4,0,0,0,001
5330,2017-10,4,0,0,0,001
5331,2017-10,4,0,0,0,001
5332,2017-10,4,0,0,0,001
5333,2017-10,4,0,0,0,01
5334,2017-10,4,0,0,0,001
5335,2017-10,4,0,0,0,01
5336,2017-10,4,0,0,0,01
5337,2017-10,4,0,0,0,01
5338,2017-10,4,0,0,0,01
5339,2017-10,4,0,0,0,01
5340,2017-10,4,0,0,0,01
5341,2017-10,4,0,0,0,01
5342,2017-10,4,0,0,0,01
5343,2017-10,4,0,0,0,01
5344,2017-10,4,0,0,0,01
5345,2017-10,4,0,0,0,01
5346,2017-10,4,0,0,0,01
5347,2017-10,4,0,0,0,01
5348,2017-10,4,0,0,0,01
5349,2017-10,4,0,0,0,01
5350,2017-10,4,0,0,0,01
5351,2017-10,4,0,0,0,01
5352,2017-10,4,0,0,0,01
5353,2017-10,4,0,0,0,01
5354,2017-10,4,0,0,0,01
5355,2017-10,4,0,0,0,1
5356,2017-10,4,0,0,0,01
5357,2017-10,4,0,0,0,01
5358,2017-10,4,0,0,0,1
5359,2017-10,4,0,0,0,01
5360,2017-10,4,0,0,0,1
5361,2017-10,4,0,0,0,01
5362,2017-10,4,0,0,0,01
5363,2017-10,4,0,0,0,01
5364,2017-10,4,0,0,0,01
5365,2017-10,4,0,0,0,01
5366,2017-10,4,0,0,0,01
5367,2017-10,4,0,0,0,01
5368,2017-10,4,0,0,0,01
5369,2017-10,4,0,0,0,01
5370,2017-10,4,0,0,0,01
5371,2017-10,4,0,0,0,01
5372,2017-10,4,0,0,0,01
5373,2017-10,4,0,0,0,01
5374,2017-10,4,0,0,0,01
5375,2017-10,4,0,0,0,001
5376,2017-10,4,0,0,0,00000
5377,2017-10,4,0,0,0,00000
5378,2017-10,4,0,0,0,00000
5379,2017-10,4,0,0,0,01
5380,2017-10,4,0,0,0,01
5381,2017-10,4,0,0,0,01
5382,2017-10,4,0,0,0,01
5383,2017-10,4,0,0,0,01
5384,2017-10,4,0,0,0,1
5385,2017-10,4,0,0,0,01
5386,2017-10,4,0,0,0,01
5387,2017-10,4,0,0,0,01
5388,2017-10,4,0,0,0,01
5389,2017-10,4,0,0,0,01
5390,2017-10,4,0,0,0,01
5391,2017-10,4,0,0,0,01
5392,2017-10,4,0,0,0,01
5393,2017-10,4,0,0,0,01
5394,2017-10,4,0,0,0,01
5395,2017-10,4,0,0,0,01
5396,2017-10,4,0,0,0,01
5397,2017-10,4,0,0,0,01
5398,2017-10,4,0,0,0,01
5399,2017-10,4,0,0,0,01
5400,2017-10,4,0,0,0,01
5401,2017-10,4,0,0,0,01
5402,2017-10,4,0,0,0,01
5403,2017-10,4,0,0,0,01
5404,2017-10,4,0,0,0,01
5405,2017-10,4,0,0,0,01
5406,2017-10,4,0,0,0,01
5407,2017-10,4,0,0,0,01
5408,2017-10,4,0,0,0,01
5409,2017-10,4,0,0,0,01
5410,2017-10,4,0,0,0,01
5411,2017-10,4,0,0,0,01
5412,2017-10,4,0,0,0,01
5413,2017-10,4,0,0,0,1
5414,2017-10,4,0,0,0,1
5415,2017-10,4,0,0,0,1
5416,2017-10,4,0,0,0,1
5417,2017-10,4,0,0,0,1
5418,2017-10,4,0,0,0,1
5419,2017-10,4,0,0,0,01
5420,2017-10,4,0,0,0,01
5421,2017-10,4,0,0,0,01
5422,2017-10,4,0,0,0,1
5423,2017-10,4,0,0,0,01
5424,2017-10,4,0,0,0,01
5425,2017-10,4,0,0,0,01
5426,2017-10,4,0,0,0,1
5427,2017-10,4,0,0,0,1
5428,2017-10,4,0,0,0,1
5429,2017-10,4,0,0,0,1
5430,2017-10,4,0,0,0,1
5431,2017-10,4,0,0,0,1
5432,2017-10,4,0,0,0,1
5433,2017-10,4,0,0,0,1
5434,2017-10,4,0,0,0,1
5435,2017-10,4,0,0,0,01
5436,2017-10,4,0,0,0,1
5437,2017-10,4,0,0,0,01
5438,2017-10,4,0,0,0,01
5439,2017-10,4,0,0,0,01
5440,2017-10,4,0,0,0,1
5441,2017-10,4,0,0,0,01
5442,2017-10,4,0,0,0,1
5443,2017-10,4,0,0,0,1
5444,2017-10,4,0,0,0,01
5445,2017-10,4,0,0,0,1
5446,2017-10,4,0,0,0,1
5447,2017-10,4,0,0,0,1
5448,2017-10,4,0,0,0,1
5449,2017-10,4,0,0,0,1
5450,2017-10,4,0,0,0,1
5451,2017-10,4,0,0,0,1
5452,2017-10,4,0,0,0,1
5453,2017-10,4,0,0,0,1
5454,2017-10,4,0,0,0,1
5455,2017-10,4,0,0,0,1
5456,2017-10,4,0,0,0,1
5457,2017-10,4,0,0,0,1
5458,2017-10,4,0,0,0,1
5459,2017-10,4,0,0,0,1
5460,2017-10,4,0,0,0,1
5461,2017-10,4,0,0,0,1
5462,2017-10,4,0,0,0,1
5463,2017-10,4,0,0,0,1
5464,2017-10,4,0,0,0,1
5465,2017-10,4,0,0,0,1
5466,2017-10,4,0,0,0,1
5467,2017-10,4,0,0,0,1
5468,2017-10,4,0,0,0,1
5469,2017-10,4,0,0,0,1
5470,2017-10,4,0,0,0,1
5471,2017-10,4,0,0,0,1
5472,2017-10,4,0,0,0,1
5473,2017-10,4,0,0,0,1
5474,2017-10,4,0,0,0,1
5475,2017-10,4,0,0,0,1
5476,2017-10,4,0,0,0,1
5477,2017-10,4,0,0,0,1
5478,2017-10,4,0,0,0,1
5479,2017-10,4,0,0,0,1
5480,2017-10,4,0,0,0,1
5481,2017-10,4,0,0,0,1
5482,2017-10,4,0,0,0,1
5483,2017-10,4,0,0,0,1
5484,2017-10,4,0,0,0,1
5485,2017-10,4,0,0,0,1
5486,2017-10,4,0,0,0,1
5487,2017-10,4,0,0,0,1
5488,2017-10,4,0,0,0,1
5489,2017-10,4,0,0,0,1
5490,2017-10,4,0,0,0,1
5491,2017-10,4,0,0,0,1
5492,2017-10,4,0,0,0,1
5493,2017-10,4,0,0,0,1
5494,2017-10,4,0,0,0,1
5495,2017-10,4,0,0,0,1
5496,2017-10,4,0,0,0,1
5497,2017-10,4,0,0,0,1
5498,2017-10,4,0,0,0,1
5499,2017-10,4,0,0,0,1
5501,2017-10,4,0,0,0,1
5502,2017-10,4,0,0,0,1
5503,2017-10,4,0,0,0,1
5504,2017-10,4,0,0,0,1
5505,2017-10,4,0,0,0,1
5506,2017-10,4,0,0,0,1
5507,2017-10,4,0,0,0,1
5508,2017-10,4,0,0,0,1
5509,2017-10,4,0,0,0,1
5510,2017-10,4,0,0,0,1
5511,2017-10,4,0,0,0,1
5512,2017-10,4,0,0,0,1
5513,2017-10,4,0,0,0,1
5514,2017-10,4,0,0,0,1
5515,2017-10,4,0,0,0,1
5516,2017-10,4,0,0,0,1
5517,2017-10,4,0,0,0,1
5518,2017-10,4,0,0,0,1
5519,2017-10,4,0,0,0,1
5520,2017-10,4,0,0,0,1
5521,2017-10,4,0,0,0,1
5522,2017-10,4,0,0,0,1
5523,2017-10,4,0,0,0,1
5524,2017-10,4,0,0,0,1
5525,2017-10,4,0,0,0,1
5526,2017-10,4,0,0,0,1
5527,2017-10,4,0,0,0,01
5528,2017-10,4,0,0,0,1
5529,2017-10,4,0,0,0,1
5530,2017-10,4,0,0,0,1
5531,2017-10,4,0,0,0,1
5532,2017-10,4,0,0,0,1
5533,2017-10,4,0,0,0,1
5534,2017-10,4,0,0,0,1
5535,2017-10,4,0,0,0,01
5536,2017-10,4,0,0,0,1
5537,2017-10,4,0,0,0,1
5538,2017-10,4,0,0,0,1
5539,2017-10,4,0,0,0,1
5540,2017-10,4,0,0,0,1
5541,2017-10,4,0,0,0,1
5542,2017-10,4,0,0,0,1
5543,2017-10,4,0,0,0,1
5544,2017-10,4,0,0,0,1
5545,2017-10,4,0,0,0,1
5546,2017-10,4,0,0,0,1
5547,2017-10,4,0,0,0,1
5548,2017-10,4,0,0,0,1
5549,2017-10,4,0,0,0,1
5550,2017-10,4,0,0,0,1
5551,2017-10,4,0,0,0,1
5552,2017-10,4,0,0,0,1
5553,2017-10,4,0,0,0,1
5554,2017-10,4,0,0,0,1
5555,2017-10,4,0,0,0,1
5556,2017-10,4,0,0,0,1
5557,2017-10,4,0,0,0,1
5558,2017-10,4,0,0,0,1
5559,2017-10,4,0,0,0,1
5560,2017-10,4,0,0,0,1
5561,2017-10,4,0,0,0,1
5562,2017-10,4,0,0,0,1
5563,2017-10,4,0,0,0,1
5564,2017-10,4,0,0,0,1
5565,2017-10,4,0,0,0,1
5566,2017-10,4,0,0,0,1
5567,2017-10,4,0,0,0,1
5568,2017-10,4,0,0,0,1
5569,2017-10,4,0,0,0,1
5570,2017-10,4,0,0,0,1
5571,2017-10,4,0,0,0,1
5572,2017-10,4,0,0,0,1
5573,2017-10,4,0,0,0,1
5574,2017-10,4,0,0,0,1
5575,2017-10,4,0,0,0,1
5576,2017-10,4,0,0,0,1
5577,2017-10,4,0,0,0,1
5578,2017-10,4,0,0,0,1
5579,2017-10,4,0,0,0,1
5580,2017-10,4,0,0,0,1
5581,2017-10,4,0,0,0,1
5582,2017-10,4,0,0,0,1
5583,2017-10,4,0,0,0,1
5584,2017-10,4,0,0,0,1
5585,2017-10,4,0,0,0,1
5586,2017-10,4,0,0,0,1
5587,2017-10,4,0,0,0,1
5588,2017-10,4,0,0,0,1
5589,2017-10,4,0,0,0,1
5590,2017-10,4,0,0,0,1
5591,2017-10,4,0,0,0,1
5592,2017-10,4,0,0,0,1
5593,2017-10,4,0,0,0,1
5594,2017-10,4,0,0,0,1
5595,2017-10,4,0,0,0,1
5596,2017-10,4,0,0,0,1
5597,2017-10,4,0,0,0,1
5598,2017-10,4,0,0,0,1
5599,2017-10,4,0,0,0,1
5601,2017-10,4,0,0,0,1
5602,2017-10,4,0,0,0,1
5603,2017-10,4,0,0,0,1
5604,2017-10,4,0,0,0,1
5605,2017-10,4,0,0,0,1
5606,2017-10,4,0,0,0,1
5607,2017-10,4,0,0,0,1
5608,2017-10,4,0,0,0,1
5609,2017-10,4,0,0,0,1
5610,2017-10,4,0,0,0,1
5611,2017-10,4,0,0,0,1
5612,2017-10,4,0,0,0,1
5613,2017-10,4,0,0,0,1
5614,2017-10,4,0,0,0,1
5615,2017-10,4,0,0,0,1
5616,2017-10,4,0,0,0,1
5617,2017-10,4,0,0,0,1
5618,2017-10,4,0,0,0,1
5619,2017-10,4,0,0,0,1
5620,2017-10,4,0,0,0,1
5621,2017-10,4,0,0,0,1
5622,2017-10,4,0,0,0,1
5623,2017-10,4,0,0,0,1
5624,2017-10,4,0,0,0,1
5625,2017-10,4,0,0,0,00000
5626,2017-10,4,0,0,0,1
5627,2017-10,4,0,0,0,1
5628,2017-10,4,0,0,0,1
5629,2017-10,4,0,0,0,1
5630,2017-10,4,0,0,0,1
5631,2017-10,4,0,0,0,1
5632,2017-10,4,0,0,0,1
5633,2017-10,4,0,0,0,1
5634,2017-10,4,0,0,0,1
5635,2017-10,4,0,0,0,1
5636,2017-10,4,0,0,0,1
5637,2017-10,4,0,0,0,1
5638,2017-10,4,0,0,0,1
5639,2017-10,4,0,0,0,1
5640,2017-10,4,0,0,0,1
5641,2017-10,4,0,0,0,1
5642,2017-10,4,0,0,0,1
5643,2017-10,4,0,0,0,01
5644,2017-10,4,0,0,0,01
5645,2017-10,4,0,0,0,01
5646,2017-10,4,0,0,0,1
5647,2017-10,4,0,0,0,1
5648,2017-10,4,0,0,0,1
5649,2017-10,4,0,0,0,1
5650,2017-10,4,0,0,0,1
5651,2017-10,4,0,0,0,1
5652,2017-10,4,0,0,0,1
